12
24
17.259372694081776,17.482612591184857
1.9541186083643574,1.421155167337269
9.489270364559445,21.36025806173478
23.163973698567084,9.987068184726187
13.067498690512146,11.901322298570639
16.171530987139487,6.931040158595127
15.568403081840668,13.629861124111232
5.036025402974809,13.771096186034683
4.462991724407368,7.797081921531503
12.494537108816251,22.482010950421117
21.90260746127813,11.70895816860742
5.574035113094929,22.976167306778056
0.0,22.18605907335592,8.68392909957956,9.541881311951158,6.980158235472358,10.60750113738154,4.207501883132177,12.774410868009175,16.04857845025039,6.906347957419092,7.409096739458122,12.912252235564477
22.18605907335592,0.0,21.31540138543633,22.874282912670104,15.275507191215073,15.247742369447252,18.286641103923547,12.728675997760766,6.8517797897519435,23.551222229016584,22.44506845852265,21.856860337950202
8.68392909957956,21.31540138543633,0.0,17.786145148727712,10.113119386436404,15.90141302917353,9.834372954466314,8.799248187399805,14.464550597188577,3.207796400554756,15.723820385130722,4.235590839838846
9.541881311951158,22.874282912670104,17.786145148727712,0.0,10.276340613304347,7.631091820250587,8.423932181167608,18.518676446289398,18.828774963624905,16.430473878154153,2.1344671234673553,21.866015536516265
6.980158235472358,15.275507191215073,10.113119386436404,10.276340613304347,0.0,5.859925003740676,3.040126518085643,8.246248696144704,9.533222393412629,10.596190698618864,8.83720266542318,13.371768332643786
10.60750113738154,15.247742369447252,15.90141302917353,7.631091820250587,5.859925003740676,0.0,6.725917454012372,13.068506076574895,11.740524690238063,15.979767725140801,7.46148363683961,19.228963154620384
4.207501883132177,18.286641103923547,9.834372954466314,8.423932181167608,3.040126518085643,6.725917454012372,0.0,10.533324589747927,12.54398161047182,9.370656784215047,6.619064381387147,13.68359712776019
12.774410868009175,12.728675997760766,8.799248187399805,18.518676446289398,8.246248696144704,13.068506076574895,10.533324589747927,0.0,6.001434330996216,11.467756227727348,16.992174773477302,9.220780269918983
16.04857845025039,6.8517797897519435,14.464550597188577,18.828774963624905,9.533222393412629,11.740524690238063,12.54398161047182,6.001434330996216,0.0,16.73776752871614,17.872967655712554,15.219692853147588
6.906347957419092,23.551222229016584,3.207796400554756,16.430473878154153,10.596190698618864,15.979767725140801,9.370656784215047,11.467756227727348,16.73776752871614,0.0,14.302812800166825,6.938122107408515
7.409096739458122,22.44506845852265,15.723820385130722,2.1344671234673553,8.83720266542318,7.46148363683961,6.619064381387147,16.992174773477302,17.872967655712554,14.302812800166825,0.0,19.838656121147142
12.912252235564477,21.856860337950202,4.235590839838846,21.866015536516265,13.371768332643786,19.228963154620384,13.68359712776019,9.220780269918983,15.219692853147588,6.938122107408515,19.838656121147142,0.0
True
0.0,0.0,0.0,0.0,0.0,0.0,1.0,0.0,0.0,0.0,0.0,0.0
0.0,0.0,0.0,0.0,0.0,0.0,0.0,0.0,1.0,0.0,0.0,0.0
0.0,0.0,0.0,0.0,0.0,0.0,0.0,0.0,0.0,1.0,0.0,0.0
0.0,0.0,0.0,0.0,0.0,1.0,0.0,0.0,0.0,0.0,0.0,0.0
0.0,0.0,0.0,0.0,0.0,0.0,0.0,0.0,0.0,0.0,1.0,0.0
0.0,1.0,0.0,0.0,0.0,0.0,0.0,0.0,0.0,0.0,0.0,0.0
0.0,0.0,0.0,0.0,1.0,0.0,0.0,0.0,0.0,0.0,0.0,0.0
0.0,0.0,0.0,0.0,0.0,0.0,0.0,0.0,0.0,0.0,0.0,1.0
0.0,0.0,0.0,0.0,0.0,0.0,0.0,1.0,0.0,0.0,0.0,0.0
1.0,0.0,0.0,0.0,0.0,0.0,0.0,0.0,0.0,0.0,0.0,0.0
0.0,0.0,0.0,1.0,0.0,0.0,0.0,0.0,0.0,0.0,0.0,0.0
0.0,0.0,1.0,0.0,0.0,0.0,0.0,0.0,0.0,0.0,0.0,0.0
77.52186196828603
GUROBI,0.24829721450805664
