12
24
23.958802488270084,21.783987269097484
22.394456089327512,14.552999616506884
17.851233584196073,13.615418280571927
6.059742883283436,23.96330377776118
23.278572817676867,17.025419285752225
7.993187772937495,8.628922632515314
4.25556214990629,10.67810594928859
11.87242100158387,22.60899797211236
12.772933133048255,6.339192925355607
23.14793184854907,9.919873802701517
4.2323891162463445,18.02707229794386
21.152627487146347,17.859721088049024
0.0,7.3982675058288,10.19940769056288,18.031243861359062,4.806940987454904,20.687111418250236,22.6176541604342,12.114506184810026,19.07001168202505,11.891791266999252,20.080980917884343,4.824363501712165
7.3982675058288,0.0,4.638957802419243,18.85143707866938,2.6257420684862414,15.572129502188119,18.54816094058439,13.251880315382662,12.650704500454124,4.6939940909937405,18.491345481889425,3.532215334255974
10.19940769056288,4.638957802419243,0.0,15.688147985426733,6.4096893848774394,11.047452469459206,13.909352446489821,10.799568304617111,8.873138728320491,6.4584875544912626,14.315572493309475,5.377109634738278
18.031243861359062,18.85143707866938,15.688147985426733,0.0,18.56400672091081,15.455790314603822,13.407145462787451,5.968364191483524,18.859379806012107,22.118411506639227,6.211124372597829,16.280322088818636
4.806940987454904,2.6257420684862414,6.4096893848774394,18.56400672091081,0.0,17.43972912673132,20.054010109136836,12.699474406389296,14.985456249606786,7.106746349386403,19.07250435431777,2.283791375261806
20.687111418250236,15.572129502188119,11.047452469459206,15.455790314603822,17.43972912673132,0.0,4.262510711268808,14.50830648087652,5.299889417652977,15.209629282828995,10.12268855936824,16.07415608106941
22.6176541604342,18.54816094058439,13.909352446489821,13.407145462787451,20.054010109136836,4.262510711268808,0.0,14.154954017115667,9.558858440929232,18.907579136904705,7.349002883599693,18.35991320818899
12.114506184810026,13.251880315382662,10.799568304617111,5.968364191483524,12.699474406389296,14.50830648087652,14.154954017115667,0.0,16.294707065743342,16.975011547765035,8.908654785801193,10.424867545258031
19.07001168202505,12.650704500454124,8.873138728320491,18.859379806012107,14.985456249606786,5.299889417652977,9.558858440929232,16.294707065743342,0.0,10.975512466032475,14.475752703438424,14.245765918879743
11.891791266999252,4.6939940909937405,6.4584875544912626,22.118411506639227,7.106746349386403,15.209629282828995,18.907579136904705,16.975011547765035,10.975512466032475,0.0,20.57970904310433,8.186721835342453
20.080980917884343,18.491345481889425,14.315572493309475,6.211124372597829,19.07250435431777,10.12268855936824,7.349002883599693,8.908654785801193,14.475752703438424,20.57970904310433,0.0,16.921065952106268
4.824363501712165,3.532215334255974,5.377109634738278,16.280322088818636,2.283791375261806,16.07415608106941,18.35991320818899,10.424867545258031,14.245765918879743,8.186721835342453,16.921065952106268,0.0
True
0.0,0.0,0.0,0.0,0.0,0.0,0.0,0.0,0.0,0.0,0.0,1.0
0.0,0.0,0.0,0.0,0.0,0.0,0.0,0.0,0.0,1.0,0.0,0.0
0.0,0.0,0.0,0.0,0.0,0.0,0.0,0.0,1.0,0.0,0.0,0.0
0.0,0.0,0.0,0.0,0.0,0.0,0.0,1.0,0.0,0.0,0.0,0.0
0.0,1.0,0.0,0.0,0.0,0.0,0.0,0.0,0.0,0.0,0.0,0.0
0.0,0.0,0.0,0.0,0.0,0.0,1.0,0.0,0.0,0.0,0.0,0.0
0.0,0.0,0.0,0.0,0.0,0.0,0.0,0.0,0.0,0.0,1.0,0.0
1.0,0.0,0.0,0.0,0.0,0.0,0.0,0.0,0.0,0.0,0.0,0.0
0.0,0.0,0.0,0.0,0.0,1.0,0.0,0.0,0.0,0.0,0.0,0.0
0.0,0.0,1.0,0.0,0.0,0.0,0.0,0.0,0.0,0.0,0.0,0.0
0.0,0.0,0.0,1.0,0.0,0.0,0.0,0.0,0.0,0.0,0.0,0.0
0.0,0.0,0.0,0.0,1.0,0.0,0.0,0.0,0.0,0.0,0.0,0.0
70.96491508067857
GUROBI,0.19902539253234863
