12
24
16.153636146498698,9.661476778917592
18.683780459731707,6.877392320483447
1.0922723586298462,16.442872701785507
19.42780864046759,11.461421794873878
8.42335660187876,5.168851616377704
1.7356896383890454,6.578915020575091
17.280701389592878,11.306735428167471
2.5351474088650763,18.014441218030772
1.1514867939057662,7.586043286106548
23.43815405233034,11.589064631652345
4.832597706397353,14.759565383010743
16.511260702382796,13.084497030707464
0.0,3.7620149544466037,16.517627245255802,3.736309352921455,8.940967659546477,14.743790845800376,1.994279841226521,15.976083700899391,15.145029197085966,7.535236960467294,12.415974338626702,3.4416511977733735
3.7620149544466037,0.0,20.02397493496751,4.644018104595347,10.401702220328367,16.95071889882668,4.646257767564086,19.616630892125748,17.54660956925408,6.693573352540098,15.936872837978536,6.576320474228469
16.517627245255802,20.02397493496751,0.0,19.0001774697122,13.447986749541071,9.88492017836273,16.983672764863766,2.1334751022321914,8.857027359547962,22.866960476865934,4.101652988319807,15.780490762104906
3.736309352921455,4.644018104595347,19.0001774697122,0.0,12.676529656057339,18.353472346800814,2.152672157761973,18.119162978624537,18.68267911262538,4.012376230643068,14.963219350727025,3.3377574951339573
8.940967659546477,10.401702220328367,13.447986749541071,12.676529656057339,0.0,6.834703228261521,10.776185520650493,14.130823745089607,7.663087241596282,16.329827850886524,10.2408661742532,11.316873908652944
14.743790845800376,16.95071889882668,9.88492017836273,18.353472346800814,6.834703228261521,0.0,16.24806684352056,11.463437186964024,1.1643024979509216,22.273270095874242,8.747221269301098,16.14435187790725
1.994279841226521,4.646257767564086,16.983672764863766,2.152672157761973,10.776185520650493,16.24806684352056,0.0,16.19952712772577,16.552797754147786,6.163921890565541,12.91810047973962,1.937130683924006
15.976083700899391,19.616630892125748,2.1334751022321914,18.119162978624537,14.130823745089607,11.463437186964024,16.19952712772577,0.0,10.51979087833741,21.868268130181985,3.9840299410306232,14.82012457718779
15.145029197085966,17.54660956925408,8.857027359547962,18.68267911262538,7.663087241596282,1.1643024979509216,16.552797754147786,10.51979087833741,0.0,22.64331507047122,8.062877701220415,16.314277431165852
7.535236960467294,6.693573352540098,22.866960476865934,4.012376230643068,16.329827850886524,22.273270095874242,6.163921890565541,21.868268130181985,22.64331507047122,0.0,18.873759613708433,7.0864779363017325
12.415974338626702,15.936872837978536,4.101652988319807,14.963219350727025,10.2408661742532,8.747221269301098,12.91810047973962,3.9840299410306232,8.062877701220415,18.873759613708433,0.0,11.798178815337886
3.4416511977733735,6.576320474228469,15.780490762104906,3.3377574951339573,11.316873908652944,16.14435187790725,1.937130683924006,14.82012457718779,16.314277431165852,7.0864779363017325,11.798178815337886,0.0
True
0.0,1.0,0.0,0.0,0.0,0.0,0.0,0.0,0.0,0.0,0.0,0.0
0.0,0.0,0.0,0.0,0.0,0.0,0.0,0.0,0.0,1.0,0.0,0.0
0.0,0.0,0.0,0.0,0.0,0.0,0.0,0.0,1.0,0.0,0.0,0.0
0.0,0.0,0.0,0.0,0.0,0.0,1.0,0.0,0.0,0.0,0.0,0.0
1.0,0.0,0.0,0.0,0.0,0.0,0.0,0.0,0.0,0.0,0.0,0.0
0.0,0.0,0.0,0.0,1.0,0.0,0.0,0.0,0.0,0.0,0.0,0.0
0.0,0.0,0.0,0.0,0.0,0.0,0.0,0.0,0.0,0.0,0.0,1.0
0.0,0.0,1.0,0.0,0.0,0.0,0.0,0.0,0.0,0.0,0.0,0.0
0.0,0.0,0.0,0.0,0.0,1.0,0.0,0.0,0.0,0.0,0.0,0.0
0.0,0.0,0.0,1.0,0.0,0.0,0.0,0.0,0.0,0.0,0.0,0.0
0.0,0.0,0.0,0.0,0.0,0.0,0.0,1.0,0.0,0.0,0.0,0.0
0.0,0.0,0.0,0.0,0.0,0.0,0.0,0.0,0.0,0.0,1.0,0.0
62.270451983223325
GUROBI,0.17809414863586426
