12
24
12.812907779383062,16.84713573393379
6.8996009892086265,12.28220541043132
21.417173034588682,15.686565148140756
14.335569942937306,14.645260853994799
9.02790514656104,6.506177196496202
23.386439503016614,13.567458261656022
16.541990967175668,17.461457088456633
23.367356242408214,2.9326353688591063
6.840960412330811,13.802741548754014
1.9415824467406626,4.910211712732164
11.324373016958624,8.497486536199887
22.035330783659987,8.490698255695449
0.0,7.470327037898371,8.682183173980299,2.677079201522816,11.01188759493453,11.070494904603471,3.7793454655667884,17.464526983812572,6.703170243220647,16.145459720184274,8.481295742052884,12.445205237259954
7.470327037898371,0.0,14.911390388442573,7.802414069387229,6.155662475670518,16.536859407758282,10.945333820013316,18.9367743568314,1.5216664763350256,8.884156625497562,5.8226028934251115,15.603392032345273
8.682183173980299,14.911390388442573,0.0,7.157752229624404,15.419905374029163,2.892857483531058,5.188221428411059,12.902168010024848,14.69744078956864,22.258221449844477,12.391427015664457,7.222369371371654
2.677079201522816,7.802414069387229,7.157752229624404,0.0,9.71678899505658,9.114817508958827,3.577604640985093,14.790495580417868,7.541817472994234,15.760143014537563,6.845614361732785,9.85722870692933
11.01188759493453,6.155662475670518,15.419905374029163,9.71678899505658,0.0,16.000912447316864,13.284564096377208,14.778026218817743,7.61725532046923,7.263819603442512,3.0395850976999386,13.157942298819533
11.070494904603471,16.536859407758282,2.892857483531058,9.114817508958827,16.000912447316864,0.0,7.874623967079306,10.634840014405144,16.547151917037226,23.126387784800343,13.084267698690976,5.2534737964172145
3.7793454655667884,10.945333820013316,5.188221428411059,3.577604640985093,13.284564096377208,7.874623967079306,0.0,16.052173426056644,10.36803709611877,19.253718847153554,10.371899784328482,10.519091993843137
17.464526983812572,18.9367743568314,12.902168010024848,14.790495580417868,14.778026218817743,10.634840014405144,16.052173426056644,0.0,19.780823225907188,21.51684435364444,13.266537358448671,5.715448790495893
6.703170243220647,1.5216664763350256,14.69744078956864,7.541817472994234,7.61725532046923,16.547151917037226,10.36803709611877,19.780823225907188,0.0,10.152880937657502,6.945985843029501,16.09617019444235
16.145459720184274,8.884156625497562,22.258221449844477,15.760143014537563,7.263819603442512,23.126387784800343,19.253718847153554,21.51684435364444,10.152880937657502,0.0,10.045162992388748,20.410257374952167
8.481295742052884,5.8226028934251115,12.391427015664457,6.845614361732785,3.0395850976999386,13.084267698690976,10.371899784328482,13.266537358448671,6.945985843029501,10.045162992388748,0.0,10.7109599178044
12.445205237259954,15.603392032345273,7.222369371371654,9.85722870692933,13.157942298819533,5.2534737964172145,10.519091993843137,5.715448790495893,16.09617019444235,20.410257374952167,10.7109599178044,0.0
True
0.0,0.0,0.0,0.0,0.0,0.0,0.0,0.0,1.0,0.0,0.0,0.0
0.0,0.0,0.0,0.0,0.0,0.0,0.0,0.0,0.0,1.0,0.0,0.0
0.0,0.0,0.0,0.0,0.0,0.0,1.0,0.0,0.0,0.0,0.0,0.0
1.0,0.0,0.0,0.0,0.0,0.0,0.0,0.0,0.0,0.0,0.0,0.0
0.0,0.0,0.0,0.0,0.0,0.0,0.0,0.0,0.0,0.0,1.0,0.0
0.0,0.0,1.0,0.0,0.0,0.0,0.0,0.0,0.0,0.0,0.0,0.0
0.0,0.0,0.0,1.0,0.0,0.0,0.0,0.0,0.0,0.0,0.0,0.0
0.0,0.0,0.0,0.0,0.0,0.0,0.0,0.0,0.0,0.0,0.0,1.0
0.0,1.0,0.0,0.0,0.0,0.0,0.0,0.0,0.0,0.0,0.0,0.0
0.0,0.0,0.0,0.0,1.0,0.0,0.0,0.0,0.0,0.0,0.0,0.0
0.0,0.0,0.0,0.0,0.0,0.0,0.0,1.0,0.0,0.0,0.0,0.0
0.0,0.0,0.0,0.0,0.0,1.0,0.0,0.0,0.0,0.0,0.0,0.0
65.98362074600749
GUROBI,0.11930108070373535
