12
24
14.607349941649211,12.384738889057495
4.371816995550566,8.996348311807736
10.556034690215213,19.749301694980446
9.74264764448807,11.459744681571063
10.507172885636018,0.7108711602577227
12.453928726828948,22.53808629829051
11.33369789583724,18.476253907956526
11.709703581819802,17.588059952092603
16.481043164710567,17.354694255656938
20.249508962970797,4.319222646064715
10.479095883673509,6.0945031956817015
2.8070960231592625,0.8529059576320197
0.0,10.781805293858062,8.405351901549716,4.951862550989106,12.372980224673833,10.379194888863815,6.91544307637055,5.955745504272109,5.311420021061849,9.843094568674065,7.523931594945005,16.49936857274079
10.781805293858062,0.0,12.404457060092906,5.908819131952643,10.309787753725272,15.770199673162612,11.761649364849708,11.298764908730355,14.713779437416132,16.55223872185974,6.7616241018927346,8.292406472021504
8.405351901549716,12.404457060092906,0.0,8.329366960623203,19.038493236110078,3.373324967724462,1.491781059480521,2.4498811772526925,6.390607968832484,18.222260642751287,13.65501525580998,20.423511508266024
4.951862550989106,5.908819131952643,8.329366960623203,0.0,10.77602806332386,11.40529254706768,7.194639853826637,6.436268881541504,8.953010927501978,12.703589638577764,5.4155491144396075,12.673077921632514
12.372980224673833,10.309787753725272,19.038493236110078,10.77602806332386,0.0,21.913858149289602,17.78459917357494,16.919975815304856,17.68343782589105,10.389095855215906,5.3837052492574795,7.701386730434659
10.379194888863815,15.770199673162612,3.373324967724462,11.40529254706768,21.913858149289602,0.0,4.213478311546251,5.00565998590768,6.563932035253839,19.816610810038117,16.561744775560552,23.734119482708273
6.91544307637055,11.761649364849708,1.491781059480521,7.194639853826637,17.78459917357494,4.213478311546251,0.0,0.9645044215162628,5.26811725103561,16.73060731518743,12.411208454462136,19.577674337708313
5.955745504272109,11.298764908730355,2.4498811772526925,6.436268881541504,16.919975815304856,5.00565998590768,0.9645044215162628,0.0,4.777043119287612,15.77942709358527,11.559249206569413,18.95578541136794
5.311420021061849,14.713779437416132,6.390607968832484,8.953010927501978,17.68343782589105,6.563932035253839,5.26811725103561,4.777043119287612,0.0,13.569261385836073,12.759908850438327,21.430955355811165
9.843094568674065,16.55223872185974,18.222260642751287,12.703589638577764,10.389095855215906,19.816610810038117,16.73060731518743,15.77942709358527,13.569261385836073,0.0,9.930387342392637,17.78350698111629
7.523931594945005,6.7616241018927346,13.65501525580998,5.4155491144396075,5.3837052492574795,16.561744775560552,12.411208454462136,11.559249206569413,12.759908850438327,9.930387342392637,0.0,9.291604999442274
16.49936857274079,8.292406472021504,20.423511508266024,12.673077921632514,7.701386730434659,23.734119482708273,19.577674337708313,18.95578541136794,21.430955355811165,17.78350698111629,9.291604999442274,0.0
True
0.0,0.0,0.0,0.0,0.0,0.0,0.0,0.0,0.0,1.0,0.0,0.0
0.0,0.0,0.0,1.0,0.0,0.0,0.0,0.0,0.0,0.0,0.0,0.0
0.0,0.0,0.0,0.0,0.0,1.0,0.0,0.0,0.0,0.0,0.0,0.0
0.0,0.0,0.0,0.0,0.0,0.0,0.0,1.0,0.0,0.0,0.0,0.0
0.0,0.0,0.0,0.0,0.0,0.0,0.0,0.0,0.0,0.0,0.0,1.0
0.0,0.0,0.0,0.0,0.0,0.0,0.0,0.0,1.0,0.0,0.0,0.0
0.0,0.0,1.0,0.0,0.0,0.0,0.0,0.0,0.0,0.0,0.0,0.0
0.0,0.0,0.0,0.0,0.0,0.0,1.0,0.0,0.0,0.0,0.0,0.0
1.0,0.0,0.0,0.0,0.0,0.0,0.0,0.0,0.0,0.0,0.0,0.0
0.0,0.0,0.0,0.0,0.0,0.0,0.0,0.0,0.0,0.0,1.0,0.0
0.0,0.0,0.0,0.0,1.0,0.0,0.0,0.0,0.0,0.0,0.0,0.0
0.0,1.0,0.0,0.0,0.0,0.0,0.0,0.0,0.0,0.0,0.0,0.0
71.20103088131142
GUROBI,0.27577662467956543
