12
24
18.672399596416113,15.262434466901684
17.668130225407022,5.90195924390286
10.343303055402997,3.1646555494139053
15.426947277594554,4.4486478698226755
12.73401255851524,10.052204354101423
12.803597989018712,23.100975673696926
18.641263951489787,21.349335059614393
2.494696552998845,0.7754569262681752
23.753522955620785,15.972906767976244
13.777902979855723,17.260378234011586
0.920401848753369,11.271897808267612
21.74331363278516,21.120174752356725
0.0,9.41419424963825,14.68775353571568,11.290302977374427,7.900059394728608,9.792117266333022,6.086980224540844,21.716136719587396,5.13055411062485,5.286575113062749,18.194994005410543,6.613897056245382
9.41419424963825,0.0,7.819585960029602,2.6711448773131385,6.447484131462495,17.873719255688986,15.477997572059161,16.01605804883599,11.766732286985132,12.006146341640692,17.587570780617256,15.754402656575582
14.68775353571568,7.819585960029602,0.0,5.243288553636,7.290666668091721,20.08755612956109,19.988464771504862,8.204199783673127,18.544144548886607,14.508131328401062,12.43054480680643,21.26877784480513
11.290302977374427,2.6711448773131385,5.243288553636,0.0,6.217052571253133,18.83590438479267,17.203635056791654,13.443788175645174,14.217608999883549,12.91742164754968,16.031113498491674,17.827963779636736
7.900059394728608,6.447484131462495,7.290666668091721,6.217052571253133,0.0,13.048956858049477,12.748363863541224,13.816715785621232,12.50936954708671,7.283369954546147,11.876407290251384,14.271211391591702
9.792117266333022,17.873719255688986,20.08755612956109,18.83590438479267,13.048956858049477,0.0,6.0948001386671224,24.590694096738407,13.065612235900675,5.921304642359558,16.767153415365616,9.156532535921267
6.086980224540844,15.477997572059161,19.988464771504862,17.203635056791654,12.748363863541224,6.0948001386671224,0.0,26.153319104843884,7.41897387112568,6.3538844703108355,20.38586998926049,3.1105026397106874
21.716136719587396,16.01605804883599,8.204199783673127,13.443788175645174,13.816715785621232,24.590694096738407,26.153319104843884,0.0,26.132358900567095,19.976570721561725,10.613843554769614,28.007441920093424
5.13055411062485,11.766732286985132,18.544144548886607,14.217608999883549,12.50936954708671,13.065612235900675,7.41897387112568,26.132358900567095,0.0,10.058358547831656,23.31203347458422,5.525876330921961
5.286575113062749,12.006146341640692,14.508131328401062,12.91742164754968,7.283369954546147,5.921304642359558,6.3538844703108355,19.976570721561725,10.058358547831656,0.0,14.183696032621999,8.85131606219273
18.194994005410543,17.587570780617256,12.43054480680643,16.031113498491674,11.876407290251384,16.767153415365616,20.38586998926049,10.613843554769614,23.31203347458422,14.183696032621999,0.0,23.034370274288968
6.613897056245382,15.754402656575582,21.26877784480513,17.827963779636736,14.271211391591702,9.156532535921267,3.1105026397106874,28.007441920093424,5.525876330921961,8.85131606219273,23.034370274288968,0.0
True
0.0,0.0,0.0,0.0,0.0,0.0,0.0,0.0,1.0,0.0,0.0,0.0
0.0,0.0,0.0,0.0,1.0,0.0,0.0,0.0,0.0,0.0,0.0,0.0
0.0,0.0,0.0,1.0,0.0,0.0,0.0,0.0,0.0,0.0,0.0,0.0
0.0,1.0,0.0,0.0,0.0,0.0,0.0,0.0,0.0,0.0,0.0,0.0
1.0,0.0,0.0,0.0,0.0,0.0,0.0,0.0,0.0,0.0,0.0,0.0
0.0,0.0,0.0,0.0,0.0,0.0,0.0,0.0,0.0,1.0,0.0,0.0
0.0,0.0,0.0,0.0,0.0,1.0,0.0,0.0,0.0,0.0,0.0,0.0
0.0,0.0,1.0,0.0,0.0,0.0,0.0,0.0,0.0,0.0,0.0,0.0
0.0,0.0,0.0,0.0,0.0,0.0,0.0,0.0,0.0,0.0,0.0,1.0
0.0,0.0,0.0,0.0,0.0,0.0,0.0,0.0,0.0,0.0,1.0,0.0
0.0,0.0,0.0,0.0,0.0,0.0,0.0,1.0,0.0,0.0,0.0,0.0
0.0,0.0,0.0,0.0,0.0,0.0,1.0,0.0,0.0,0.0,0.0,0.0
81.04675419048917
GUROBI,0.15255188941955566
