12
24
19.01237232274787,3.448754712814277
21.73159863826505,6.174967787371279
22.97228205040178,20.52400546805792
9.075643890854515,14.81211207908154
20.038259288360376,1.634932824159451
8.051425101238355,4.496803829560019
16.675803631208122,5.805781917029286
8.025650449396592,9.732928766690694
4.000848855999863,14.715772349401906
17.54656101111249,15.651461284337225
6.379154745131905,20.746849800899668
12.59823018814684,16.42564560588042
0.0,3.850510288635351,17.528407611805946,15.095180110309986,2.083841143172146,11.010938694944617,3.3189050139606864,12.656970453540174,18.769430551188886,12.290429222448155,21.420137255391918,14.475528196698287
3.850510288635351,0.0,14.402575383969223,15.322318756778506,4.8455459569713515,13.782720423503564,5.069256489885075,14.160229591581706,19.68056987000377,10.359462772688584,21.166891101623623,13.729341389319812
17.528407611805946,14.402575383969223,0.0,15.024722234517924,19.115584085103194,21.897560696535773,16.008489778284062,18.43499749365205,19.840636315660532,7.292471159935897,16.594623628319276,11.154259527223795
15.095180110309986,15.322318756778506,15.024722234517924,0.0,17.14109067329094,10.36603146877577,11.784583618727646,5.186577806991263,5.0757094074917415,8.512399423584576,6.518601501838479,3.874545736467138
2.083841143172146,4.8455459569713515,19.115584085103194,17.14109067329094,0.0,12.323737236776418,5.357433172873771,14.487246439651786,20.69557672695137,14.236278670348288,23.491200638721203,16.55654606502782
11.010938694944617,13.782720423503564,21.897560696535773,10.36603146877577,12.323737236776418,0.0,8.723149010631321,5.236188374182052,10.992474040360971,14.648685568350427,16.335864905616855,12.765997909400726
3.3189050139606864,5.069256489885075,16.008489778284062,11.784583618727646,5.357433172873771,8.723149010631321,0.0,9.499875391162227,15.493302038576099,9.884109500531203,18.145426084651678,11.375768543414438
12.656970453540174,14.160229591581706,18.43499749365205,5.186577806991263,14.487246439651786,5.236188374182052,9.499875391162227,0.0,6.40529140913785,11.210564887044397,11.136310190182066,8.105611892806303
18.769430551188886,19.68056987000377,19.840636315660532,5.0757094074917415,20.69557672695137,10.992474040360971,15.493302038576099,6.40529140913785,0.0,13.577990704523494,6.483072892405644,8.765764788286859
12.290429222448155,10.359462772688584,7.292471159935897,8.512399423584576,14.236278670348288,14.648685568350427,9.884109500531203,11.210564887044397,13.577990704523494,0.0,12.274931643157075,5.0085266593315865
21.420137255391918,21.166891101623623,16.594623628319276,6.518601501838479,23.491200638721203,16.335864905616855,18.145426084651678,11.136310190182066,6.483072892405644,12.274931643157075,0.0,7.572958804916567
14.475528196698287,13.729341389319812,11.154259527223795,3.874545736467138,16.55654606502782,12.765997909400726,11.375768543414438,8.105611892806303,8.765764788286859,5.0085266593315865,7.572958804916567,0.0
True
0.0,0.0,0.0,0.0,0.0,0.0,1.0,0.0,0.0,0.0,0.0,0.0
0.0,0.0,0.0,0.0,1.0,0.0,0.0,0.0,0.0,0.0,0.0,0.0
0.0,1.0,0.0,0.0,0.0,0.0,0.0,0.0,0.0,0.0,0.0,0.0
0.0,0.0,0.0,0.0,0.0,0.0,0.0,0.0,0.0,0.0,0.0,1.0
1.0,0.0,0.0,0.0,0.0,0.0,0.0,0.0,0.0,0.0,0.0,0.0
0.0,0.0,0.0,0.0,0.0,0.0,0.0,1.0,0.0,0.0,0.0,0.0
0.0,0.0,0.0,0.0,0.0,1.0,0.0,0.0,0.0,0.0,0.0,0.0
0.0,0.0,0.0,0.0,0.0,0.0,0.0,0.0,1.0,0.0,0.0,0.0
0.0,0.0,0.0,0.0,0.0,0.0,0.0,0.0,0.0,0.0,1.0,0.0
0.0,0.0,1.0,0.0,0.0,0.0,0.0,0.0,0.0,0.0,0.0,0.0
0.0,0.0,0.0,1.0,0.0,0.0,0.0,0.0,0.0,0.0,0.0,0.0
0.0,0.0,0.0,0.0,0.0,0.0,0.0,0.0,0.0,1.0,0.0,0.0
74.19271424200338
GUROBI,0.10096168518066406
