12
24
22.964932506212023,3.0481803214875365
18.98941285845501,6.715815048112785
4.414586052808886,5.527493021650833
1.15376034946949,11.166397774786947
7.20620088403777,21.697981078057538
23.068376224634406,23.48091481366903
8.870473116221724,5.726961613615054
4.912291487958357,15.679128503180602
18.11078688230372,22.399607386037108
23.024953906832046,15.58571966005632
8.802905663502617,11.149648436574463
14.066730583189528,17.831864898154613
0.0,5.408909405568695,18.71529708571246,23.273003361623008,24.416238256526615,20.43299634001006,14.346764607643706,22.032673457902245,19.950951335028858,12.537683009020931,16.315538296770715,17.255008754714247
5.408909405568695,0.0,14.623189995796249,18.382551156688017,19.060676362156734,17.254173764387783,10.167141811830218,16.688509045852282,15.70838393040804,9.744783187845341,11.10962678713621,12.157276218455674
18.71529708571246,14.623189995796249,0.0,6.513849175602696,16.409686083174442,25.8899448013434,4.460349452797401,10.163828690509865,21.731409532903857,21.154519960792975,7.132039015257438,15.6384609636196
23.273003361623008,18.382551156688017,6.513849175602696,0.0,12.146863105271791,25.137575834931802,9.441139850464104,5.872928992077014,20.340249433218048,22.313213877638475,7.649163652029253,14.531801410342593
24.416238256526615,19.060676362156734,16.409686083174442,12.146863105271791,0.0,15.962063126094119,16.05749870921431,6.441165006078027,10.927134815203246,16.958557923306724,10.668495098566769,7.874879178085877
20.43299634001006,17.254173764387783,25.8899448013434,25.137575834931802,15.962063126094119,0.0,22.73286842669841,19.76135831869575,5.074142079232978,7.8953145606310695,18.856398934934017,10.627388635131258
14.346764607643706,10.167141811830218,4.460349452797401,9.441139850464104,16.05749870921431,22.73286842669841,0.0,10.710407443234194,19.062017614835725,17.24947641727212,5.423107756680164,13.17307007462859
22.032673457902245,16.688509045852282,10.163828690509865,5.872928992077014,6.441165006078027,19.76135831869575,10.710407443234194,0.0,14.810979612756073,18.1129032767266,5.971019036707913,9.404149569979342
19.950951335028858,15.70838393040804,21.731409532903857,20.340249433218048,10.927134815203246,5.074142079232978,19.062017614835725,14.810979612756073,0.0,8.40107751941578,14.60130915869892,6.100710023104863
12.537683009020931,9.744783187845341,21.154519960792975,22.313213877638475,16.958557923306724,7.8953145606310695,17.24947641727212,18.1129032767266,8.40107751941578,0.0,14.897831524600939,9.235525623746838
16.315538296770715,11.10962678713621,7.132039015257438,7.649163652029253,10.668495098566769,18.856398934934017,5.423107756680164,5.971019036707913,14.60130915869892,14.897831524600939,0.0,8.506460463937374
17.255008754714247,12.157276218455674,15.6384609636196,14.531801410342593,7.874879178085877,10.627388635131258,13.17307007462859,9.404149569979342,6.100710023104863,9.235525623746838,8.506460463937374,0.0
True
0.0,0.0,0.0,0.0,0.0,0.0,0.0,0.0,0.0,1.0,0.0,0.0
1.0,0.0,0.0,0.0,0.0,0.0,0.0,0.0,0.0,0.0,0.0,0.0
0.0,0.0,0.0,0.0,0.0,0.0,1.0,0.0,0.0,0.0,0.0,0.0
0.0,0.0,1.0,0.0,0.0,0.0,0.0,0.0,0.0,0.0,0.0,0.0
0.0,0.0,0.0,0.0,0.0,0.0,0.0,1.0,0.0,0.0,0.0,0.0
0.0,0.0,0.0,0.0,0.0,0.0,0.0,0.0,1.0,0.0,0.0,0.0
0.0,0.0,0.0,0.0,0.0,0.0,0.0,0.0,0.0,0.0,1.0,0.0
0.0,0.0,0.0,1.0,0.0,0.0,0.0,0.0,0.0,0.0,0.0,0.0
0.0,0.0,0.0,0.0,0.0,0.0,0.0,0.0,0.0,0.0,0.0,1.0
0.0,0.0,0.0,0.0,0.0,1.0,0.0,0.0,0.0,0.0,0.0,0.0
0.0,1.0,0.0,0.0,0.0,0.0,0.0,0.0,0.0,0.0,0.0,0.0
0.0,0.0,0.0,0.0,1.0,0.0,0.0,0.0,0.0,0.0,0.0,0.0
84.71266542601595
GUROBI,0.17687106132507324
