12
24
21.057208990538868,1.804946331418538
19.407300078392396,9.011691890814546
3.4724455180639353,12.751372263961144
4.533061587209026,11.244139278204202
1.8494283290339908,17.330506875998537
13.684810808651008,15.27745252627394
9.747470808661785,20.80064386452969
21.416526576346143,22.765301174751237
1.6838777244698733,4.480788838504573
3.476076670091093,17.45906599925314
16.312810185711058,7.374062291599884
19.270287880425524,17.28484609570195
0.0,7.393198291419921,20.713477426051135,19.030129029873144,24.69781099943677,15.35775628543182,22.10761639146232,20.963434458263055,19.55725178719073,23.54034146404804,7.316035305901561,15.582695009722496
7.393198291419921,0.0,16.367797626807295,15.040837477682677,19.428884248063234,8.485672618194613,15.241118402496138,13.899595657977573,18.293408168106687,18.03224912796865,3.501099598716228,8.274288660678806
20.713477426051135,16.367797626807295,0.0,1.8430023655661902,4.85825674404364,10.520146687191861,10.206209663599996,20.54918045218738,8.461768429218498,4.707695135687161,13.920863024145323,16.435455828455293
19.030129029873144,15.040837477682677,1.8430023655661902,0.0,6.651748491927814,10.001106417252982,10.88654414574394,20.439876748304183,7.3389888849812515,6.304167769263675,12.399192430402671,15.927208721946085
24.69781099943677,19.428884248063234,4.85825674404364,6.651748491927814,0.0,12.012131809206412,8.626756385176135,20.307838951737853,12.85078443698163,1.6317206481612636,17.55904904868873,17.42091939066842
15.35775628543182,8.485672618194613,10.520146687191861,10.001106417252982,12.012131809206412,0.0,6.782941016587014,10.763238643406957,16.14281083571851,10.439238001754871,8.32886294324557,5.9352491996461065
22.10761639146232,15.241118402496138,10.206209663599996,10.88654414574394,8.626756385176135,6.782941016587014,0.0,11.833289519653214,18.20327447186096,7.106090843143296,14.94579452121472,10.151102350659707
20.963434458263055,13.899595657977573,20.54918045218738,20.439876748304183,20.307838951737853,10.763238643406957,11.833289519653214,0.0,26.901688089891504,18.708711194963165,16.21536787600785,5.8857224206841545
19.55725178719073,18.293408168106687,8.461768429218498,7.3389888849812515,12.85078443698163,16.14281083571851,18.20327447186096,26.901688089891504,0.0,13.101437139561972,14.912300165633138,21.75375150219127
23.54034146404804,18.03224912796865,4.707695135687161,6.304167769263675,1.6317206481612636,10.439238001754871,7.106090843143296,18.708711194963165,13.101437139561972,0.0,16.32449163479282,15.795172057671522
7.316035305901561,3.501099598716228,13.920863024145323,12.399192430402671,17.55904904868873,8.32886294324557,14.94579452121472,16.21536787600785,14.912300165633138,16.32449163479282,0.0,10.342645209344921
15.582695009722496,8.274288660678806,16.435455828455293,15.927208721946085,17.42091939066842,5.9352491996461065,10.151102350659707,5.8857224206841545,21.75375150219127,15.795172057671522,10.342645209344921,0.0
True
0.0,0.0,0.0,0.0,0.0,0.0,0.0,0.0,0.0,0.0,1.0,0.0
1.0,0.0,0.0,0.0,0.0,0.0,0.0,0.0,0.0,0.0,0.0,0.0
0.0,0.0,0.0,0.0,1.0,0.0,0.0,0.0,0.0,0.0,0.0,0.0
0.0,0.0,1.0,0.0,0.0,0.0,0.0,0.0,0.0,0.0,0.0,0.0
0.0,0.0,0.0,0.0,0.0,0.0,0.0,0.0,0.0,1.0,0.0,0.0
0.0,0.0,0.0,0.0,0.0,0.0,0.0,1.0,0.0,0.0,0.0,0.0
0.0,0.0,0.0,0.0,0.0,1.0,0.0,0.0,0.0,0.0,0.0,0.0
0.0,0.0,0.0,0.0,0.0,0.0,0.0,0.0,0.0,0.0,0.0,1.0
0.0,0.0,0.0,1.0,0.0,0.0,0.0,0.0,0.0,0.0,0.0,0.0
0.0,0.0,0.0,0.0,0.0,0.0,1.0,0.0,0.0,0.0,0.0,0.0
0.0,0.0,0.0,0.0,0.0,0.0,0.0,0.0,1.0,0.0,0.0,0.0
0.0,1.0,0.0,0.0,0.0,0.0,0.0,0.0,0.0,0.0,0.0,0.0
84.1057839902072
GUROBI,0.6438179016113281
