12
24
6.460616869029135,21.523536693058023
19.445803858861282,1.3374774256347761
0.3826683393527093,2.388669865466518
21.30942187577377,5.577744985772677
9.037792660460061,8.420832428317514
15.355647222226878,10.867194054035064
17.839907260474366,5.268517645021781
15.636120728532104,5.269246061324582
3.2584896422016225,12.041077346829024
16.58334554662698,18.261616014991645
20.590141591215417,23.974025487154183
0.5358421660830182,19.57482791313447
0.0,24.00191804645683,20.07696657463616,21.78887980829796,13.353752061094543,13.880893466364764,19.84222502807734,18.66525743236914,10.00852906423695,10.635307348180344,14.340445049051448,6.237020217188765
24.00191804645683,0.0,19.09209630660575,4.6317319756780675,12.589702744706715,10.370384772505473,4.246408022217,5.474713705583955,19.40608648908536,17.164502165254824,22.665454263860834,26.2714218120422
20.07696657463616,19.09209630660575,0.0,21.168354062067912,10.549794414986724,17.206843668817875,17.693182697935786,15.523064420696922,10.071708809937988,22.680660515955456,29.568049522068076,17.18684062475175
21.78887980829796,4.6317319756780675,21.168354062067912,0.0,12.596667408648093,7.9640256196825,3.4832676058614895,5.681682628735894,19.17317969744435,13.535744595506442,18.410336781636115,25.04915057302978
13.353752061094543,12.589702744706715,10.549794414986724,12.596667408648093,0.0,6.774951768641692,9.349562017804354,7.312347770895681,6.819568655483976,12.40066086778027,19.374173018308923,14.024791530862593
13.880893466364764,10.370384772505473,17.206843668817875,7.9640256196825,6.774951768641692,0.0,6.12508983366573,5.60496985869063,12.15397973920737,7.495646690740685,14.11343195382229,17.188644778639226
19.84222502807734,4.246408022217,17.693182697935786,3.4832676058614895,9.349562017804354,6.12508983366573,0.0,2.2037866523237706,16.07747818138834,13.053717960505375,18.90660764140578,22.452197716001873
18.66525743236914,5.474713705583955,15.523064420696922,5.681682628735894,7.312347770895681,5.60496985869063,2.2037866523237706,0.0,14.108984735572983,13.026853490730813,19.34970532273915,20.800675104005443
10.00852906423695,19.40608648908536,10.071708809937988,19.17317969744435,6.819568655483976,12.15397973920737,16.07747818138834,14.108984735572983,0.0,14.705335296952793,21.042371791255935,8.010630866200405
10.635307348180344,17.164502165254824,22.680660515955456,13.535744595506442,12.40066086778027,7.495646690740685,13.053717960505375,13.026853490730813,14.705335296952793,0.0,6.977537998505047,16.10114561880594
14.340445049051448,22.665454263860834,29.568049522068076,18.410336781636115,19.374173018308923,14.11343195382229,18.90660764140578,19.34970532273915,21.042371791255935,6.977537998505047,0.0,20.53114377544823
6.237020217188765,26.2714218120422,17.18684062475175,25.04915057302978,14.024791530862593,17.188644778639226,22.452197716001873,20.800675104005443,8.010630866200405,16.10114561880594,20.53114377544823,0.0
True
0.0,0.0,0.0,0.0,0.0,0.0,0.0,0.0,0.0,0.0,0.0,1.0
0.0,0.0,0.0,1.0,0.0,0.0,0.0,0.0,0.0,0.0,0.0,0.0
0.0,0.0,0.0,0.0,1.0,0.0,0.0,0.0,0.0,0.0,0.0,0.0
0.0,0.0,0.0,0.0,0.0,1.0,0.0,0.0,0.0,0.0,0.0,0.0
0.0,0.0,0.0,0.0,0.0,0.0,0.0,1.0,0.0,0.0,0.0,0.0
0.0,0.0,0.0,0.0,0.0,0.0,0.0,0.0,0.0,1.0,0.0,0.0
0.0,1.0,0.0,0.0,0.0,0.0,0.0,0.0,0.0,0.0,0.0,0.0
0.0,0.0,0.0,0.0,0.0,0.0,1.0,0.0,0.0,0.0,0.0,0.0
0.0,0.0,1.0,0.0,0.0,0.0,0.0,0.0,0.0,0.0,0.0,0.0
0.0,0.0,0.0,0.0,0.0,0.0,0.0,0.0,0.0,0.0,1.0,0.0
1.0,0.0,0.0,0.0,0.0,0.0,0.0,0.0,0.0,0.0,0.0,0.0
0.0,0.0,0.0,0.0,0.0,0.0,0.0,0.0,1.0,0.0,0.0,0.0
90.04108408740808
GUROBI,0.15575861930847168
