40
80
38.6809074656049,38.91450261899253
14.313380785094694,74.44837462631075
63.58646023737769,0.9096076173592227
54.641101785875044,66.21618414298086
37.211733992667504,43.353194620652175
73.7509254200988,70.67423913862044
70.52485627540393,17.616960201272374
41.600931746316185,39.75206565829892
17.55647465488473,36.854500444883634
34.19197517467488,2.827847656729068
23.901245834012723,3.902247042469442
32.16878443494035,33.74391219818594
15.923284518130396,68.09995339656469
46.74268808210683,69.63959850362693
36.12670718614836,12.54831452662633
44.69060196231482,14.756788543960324
21.121936034911172,39.49154282632613
62.39708812150405,39.52751124025483
21.479828340529483,15.722261066021304
50.14893074435815,45.00803300944942
67.92950302790959,59.32776752691508
64.08752181230605,59.06830178470926
46.10478818427908,10.45960362795972
42.63593287730988,24.914225898283455
71.16837948520504,23.510487879457305
25.08541106701479,45.410967364525725
37.850511963887314,35.487210704211584
34.503064719006744,61.34835642869617
23.093049897858727,40.89589137830715
18.76168453202938,6.998024770478777
46.12755923683282,38.443161468784346
1.2046627157275136,3.9421848733843756
33.16217259950559,55.2481995327659
75.14564295786575,61.10342124368211
75.75561535207508,24.429589549312574
32.12185485095094,12.84628323331555
18.12416586916333,53.463830858917916
75.56014921975016,2.164687898116897
48.13150319673073,70.9805455741342
43.292230696635805,33.7619123892475
0.0,43.08633677116042,45.43851453285782,31.624509747631965,4.675516803432563,47.31370861732052,38.30956001882155,3.0377711639877667,21.22463828977927,36.364779381676556,38.003900306417634,8.315212063817048,37.00945743062854,31.7651353503898,26.489617090279147,24.894006854558278,17.568450503809327,23.72410176324884,28.874853961855298,12.986403295040857,35.667656589244714,32.429487713715815,29.407401815104002,14.548194879903846,35.95440874663523,15.06789887522585,3.526455239811735,22.81955667339875,15.713281164921606,37.622293929692134,7.461553798091352,51.259456971884624,17.240826238707648,42.68518530185436,39.80385247062499,26.880722332957944,25.18457022257798,52.06368556277377,33.429700424535135,6.914729786239605
43.08633677116042,0.0,88.51997860318228,41.15937367442085,38.6166388905491,59.55724818120418,79.93459602917936,44.141185909137036,37.7335001532755,74.32804583941399,71.19468570948172,44.44849492459274,6.549369598666183,32.78390305564819,65.63107990139618,66.97657064583407,35.613712444537704,59.42650596191103,59.16176454823512,46.378015863125974,55.70746200834108,52.0961779366749,71.45107695689636,57.059607843259585,76.33583158271624,30.971077748140594,45.51888441397014,24.06727683243577,34.682152785506055,67.59687198309642,48.04703242738256,71.71444263813122,26.905829786233745,62.278823863663995,79.22769117652473,64.12456169476098,21.32775562694269,94.74227150912088,33.995459134765625,49.951596086247335
45.43851453285782,88.51997860318228,0.0,65.91637410630796,49.97083411540679,70.50120682476367,18.090797935516488,44.63294758016143,58.40201103649365,29.457009300845534,39.797891061836054,45.44405252762517,82.37912894400522,70.76386300679972,29.8244452782331,23.426435485691957,57.374223656715266,38.63621469887121,44.636119364107316,46.100307167496354,58.57937715526541,58.16085255524738,19.92012252910545,31.861360540281893,23.83873503569913,58.84472624259062,43.10394029282792,67.07224651640858,56.9088672346912,45.23637187557359,41.395421109884325,62.45546562828526,62.27615795487931,61.2936367337273,26.48165187983895,33.652720794671595,69.48932716429022,12.039287950611303,71.75508374512881,38.615148342034814
31.624509747631965,41.15937367442085,65.91637410630796,0.0,28.74889826704689,19.622935908657595,51.12903504291823,29.502467724444564,47.30093063600009,66.60516482717519,69.48356281098242,39.48991633794425,38.763616453824504,8.608408965688794,56.77167459704196,52.41261148001659,42.86888062621228,27.79281535482087,60.40948869357271,21.678682505377353,14.967694914241017,11.845972882099941,56.40624895020788,43.011345426176895,45.79221987961603,36.14409909054912,35.01704892150145,20.718018330972676,40.45240170395026,69.23960558771702,29.04860057207208,82.05793078994432,24.11723627207284,21.13235796446548,46.81818205433476,57.92635674391739,38.679569840250046,67.38101154439981,8.0668465733799,34.38134130695523
4.675516803432563,38.6166388905491,49.97083411540679,28.74889826704689,0.0,45.62402857840671,42.096530478340135,5.677427826413478,20.701744989871383,40.637700351584805,41.63587827629209,10.85217254361997,32.64353153295645,27.960939092846477,30.823982883108652,29.558212168709986,16.546720306515166,25.47425986995407,31.795618323099152,13.042605180139127,34.62323373170083,31.133142534990426,34.0745468238314,19.220236759328632,39.329210314001095,12.299680335790825,7.891878120588138,18.197877286424347,14.33093087673811,40.76889377865126,10.178426466646831,53.38292677665655,12.565432317918757,41.88140392284944,42.93871934681002,30.92860346139299,21.600005139164782,56.27694053927487,29.707101510865574,11.356281742252984
47.31370861732052,59.55724818120418,70.50120682476367,19.622935908657595,45.62402857840671,0.0,53.15526662864095,44.60720688376892,65.58651555096296,78.53689185111662,83.32760336961515,55.614058446016834,57.884911672807796,27.028047753193036,69.24019721025606,63.017963157160864,61.173287250326545,33.15159543940212,75.8418583896332,34.86844260558228,12.7527007611532,15.102289599594247,66.25791449889968,55.33643982669671,47.23440458333363,54.83215469030919,50.26894325894297,40.340632839998804,58.76198046152737,84.13368463168398,42.44870701274432,98.57041797025141,43.42130299118862,9.671907370742675,46.28808051065889,71.25343500938729,58.22829665456172,68.53343637913106,25.62125326153353,47.856576876220316
38.30956001882155,79.93459602917936,18.090797935516488,51.12903504291823,42.096530478340135,53.15526662864095,0.0,36.421920648945054,56.353637026562176,39.227491621755306,48.59891364648849,41.608494658441536,74.36305695922285,57.2009302364208,34.769581960986564,25.992100296487287,54.029120789707406,23.369485702415542,49.08161213678435,34.138676172774765,41.79147408546591,41.94821800811748,25.447347183797294,28.827801424276753,5.928557211926404,53.26584285484628,37.241893469926275,56.656901458979064,52.83639742622561,52.84115572749572,32.07738708222956,70.65613006257291,53.02905151979796,43.73126985988213,8.589107005501576,38.698189584774276,63.48882177987433,16.251981244335987,57.87170730117467,31.65873303000894
3.0377711639877667,44.141185909137036,44.63294758016143,29.502467724444564,5.677427826413478,44.60720688376892,36.421920648945054,0.0,24.218418631027145,37.660197988166786,39.98110023726295,11.183170878769669,38.24845495437007,30.326593573911396,27.749075843514543,25.185510518276327,20.48065276044013,20.79736869577327,31.341510987975795,10.034614076629275,32.808562439992514,29.643948975922797,29.63668427156863,14.873893776851236,33.73459373607581,17.458109629314645,5.6793165366826575,22.73278450557503,18.54319357053184,39.930670014367415,4.712068188728783,53.98338738372657,17.644909208983837,39.76340070466475,37.43421812085772,28.5267247802616,27.18770017797671,50.65608964670101,31.90401732263034,6.224341597798087
21.22463828977927,37.7335001532755,58.40201103649365,47.30093063600009,20.701744989871383,65.58651555096296,56.353637026562176,24.218418631027145,0.0,37.875493099226645,33.55751965822878,14.939724105511551,31.288107008550483,43.89416486209497,30.58830185149368,34.99385283149072,4.4346936054234884,44.920213743647,21.493353514707795,33.596849364571185,55.158768303959484,51.56152945298855,38.880545049531655,27.77677772850113,55.24761543163268,11.39728080047286,20.340045022913195,29.78482660277122,6.854670385793203,29.880790995960865,28.615218294426715,36.75054108406456,24.121898235302805,62.48617819754601,59.5106577736647,28.08103975877303,16.619029156883183,67.58557063128661,45.819420844204735,25.92090353213773
36.364779381676556,74.32804583941399,29.457009300845534,66.60516482717519,40.637700351584805,78.53689185111662,39.227491621755306,37.660197988166786,37.875493099226645,0.0,10.346663443006362,30.98219403949427,67.78047540418109,67.98036809044753,9.911138386935704,15.890902904404413,38.92367488565397,46.28599900064119,18.1070310736633,45.0975882663662,65.8062438601781,63.69248298884433,14.14774939720837,23.645475793751665,42.36774813839661,43.545971040906444,32.86364079199514,58.5213356275681,39.653021260533585,15.983874576477229,37.56206523656565,33.00612868387699,52.43046618285349,71.22671817362038,46.84198370682217,10.230075735638941,53.124168612135804,41.37348915294772,69.56364477871152,32.24486023292117
38.003900306417634,71.19468570948172,39.797891061836054,69.48356281098242,41.63587827629209,83.32760336961515,48.59891364648849,39.98110023726295,33.55751965822878,10.346663443006362,0.0,30.965741938208627,64.69152469902342,69.59260636806731,14.973856824918458,23.452471073150477,35.6976545076875,52.45082766349274,12.065487731323145,48.77116569363442,70.78471411613975,68.25122982648266,23.15159213292564,28.1512300627781,51.17289353086255,41.52560788325367,34.52813280609941,58.41621390748071,37.00247156498702,5.9999108425111904,41.074125394053,22.696618256373952,52.17443436867911,76.79819377162873,55.7695923286965,12.148012018125883,49.897146645024826,51.688116727126726,71.32042839023535,35.60350977872906
8.315212063817048,44.44849492459274,45.44405252762517,39.48991633794425,10.85217254361997,55.614058446016834,41.608494658441536,11.183170878769669,14.939724105511551,30.98219403949427,30.965741938208627,0.0,38.00333977917954,38.74143728432796,21.561969139184693,22.744379060544087,12.452634958544413,30.776620374019963,20.953130838079883,21.217117593085295,43.970019874533584,40.74469908706227,27.13616085770228,13.69396059105197,40.319863434438574,13.648968991240803,5.943157190778739,27.7029638436022,11.55507523041124,29.91810191342725,14.728555179554034,42.97580465080383,21.52721983475048,50.946571069210655,44.57093712057452,20.897681659438764,24.210049620850715,53.666171330573825,40.51388966074226,11.123460825826864
37.00945743062854,6.549369598666183,82.37912894400522,38.763616453824504,32.64353153295645,57.884911672807796,74.36305695922285,38.24845495437007,31.288107008550483,67.78047540418109,64.69152469902342,38.00333977917954,0.0,30.857837628306754,59.111444481070066,60.605707564771514,29.076917528312112,54.554549509097946,52.67160366956093,41.28718501869275,52.74085710925241,49.00371909322385,65.0640690780777,50.7796479105259,70.99465439751366,24.46905494823679,39.298782288712026,19.768467161856737,28.13301487387289,61.16781994207574,42.32993643664616,65.82444143049112,21.50225196712769,59.63421166856163,74.07434435466838,57.57917807103938,14.80067436498541,88.90452670021983,32.3367772318457,43.91082184544173
31.7651353503898,32.78390305564819,70.76386300679972,8.608408965688794,27.960939092846477,27.028047753193036,57.2009302364208,30.326593573911396,43.89416486209497,67.98036809044753,69.59260636806731,38.74143728432796,30.857837628306754,0.0,58.069904051288745,54.92116064425371,39.56422875004022,33.938150214035176,59.54234928757211,24.8659708792578,23.563000353095212,20.312448681723627,59.183432730483325,44.91352127142711,52.1968317764236,32.49714163712031,35.29102419198241,14.783540686034842,37.2223868868186,68.60687516156732,31.202500976126675,79.93661183695608,19.787439579482534,29.657952860701567,53.71866396720652,58.645114236108846,32.873625789504196,73.37104079704167,1.930530100389484,36.043224288219356
26.489617090279147,65.63107990139618,29.8244452782331,56.77167459704196,30.823982883108652,69.24019721025606,34.769581960986564,27.749075843514543,30.58830185149368,9.911138386935704,14.973856824918458,21.561969139184693,59.111444481070066,58.069904051288745,0.0,8.84407435645419,30.83959643884375,37.656473146078916,14.98682743455649,35.35896035661316,56.566200564992606,54.27629656719913,10.194352045297732,13.974468975605339,36.71631847192735,34.66791270807476,23.003574956032185,48.827044806181725,31.20034191592355,18.230461545316448,27.75896503649713,35.966854986257296,42.802671001386635,62.290253949250214,41.37166975827978,4.015921759310341,44.70090570232076,40.77764157694414,59.65266760543938,22.391102283191728
24.894006854558278,66.97657064583407,23.426435485691957,52.41261148001659,29.558212168709986,63.017963157160864,25.992100296487287,25.185510518276327,34.99385283149072,15.890902904404413,23.452471073150477,22.744379060544087,60.605707564771514,54.92116064425371,8.84407435645419,0.0,34.16562721517887,30.448454065884516,23.23084478258638,30.73973234762572,50.26548209492769,48.370969654866876,4.523905488921787,10.363165474693238,27.887272269046868,36.38739052480069,21.829732800215957,47.692348579638406,33.90732888567676,27.06486974657831,23.729920112436673,44.810518460619456,42.10058250710608,55.45736997589778,32.53610511716373,12.713120564653662,46.946891818984355,33.33901538069299,56.32895042420932,19.056499536152483
17.568450503809327,35.613712444537704,57.374223656715266,42.86888062621228,16.546720306515166,61.173287250326545,54.029120789707406,20.48065276044013,4.4346936054234884,38.92367488565397,35.6976545076875,12.452634958544413,29.076917528312112,39.56422875004022,30.83959643884375,34.16562721517887,0.0,41.27516775857092,23.771975986509425,29.546541012490078,50.83723181071418,47.2153688168303,38.301388945243495,25.98750139885212,52.53608873182608,7.1238136692047345,17.201160668853667,25.627619977459343,2.4202241045314805,32.57912679619473,25.027590678835296,40.74867638755213,19.83026795320703,58.186202818399025,56.671874437410686,28.82651683326288,14.290257479568218,66.00615996700274,41.48582905427232,22.898703682374546
23.72410176324884,59.42650596191103,38.63621469887121,27.79281535482087,25.47425986995407,33.15159543940212,23.369485702415542,20.79736869577327,44.920213743647,46.28599900064119,52.45082766349274,30.776620374019963,54.554549509097946,33.938150214035176,37.656473146078916,30.448454065884516,41.27516775857092,0.0,47.33827292837798,13.418400724302034,20.558642068824657,19.61377223190986,33.322399226367615,24.57745644022217,18.2614509151729,37.77269252495407,24.87686534680826,35.41505084447841,39.32785126202535,54.42624308551603,16.305624322792408,70.78720491500007,33.19367900623071,25.0608368354234,20.159302794385834,40.35440096872567,46.41457367331235,39.61371915854364,34.53694083230467,19.9558940500114
28.874853961855298,59.16176454823512,44.636119364107316,60.40948869357271,31.795618323099152,75.8418583896332,49.08161213678435,31.341510987975795,21.493353514707795,18.1070310736633,12.065487731323145,20.953130838079883,52.67160366956093,59.54234928757211,14.98682743455649,23.23084478258638,23.771975986509425,47.33827292837798,0.0,40.98260449219517,63.710379627455445,60.78071066523512,25.181028783921143,23.06670710458526,50.29521440211347,29.906847183820386,25.664226395827214,47.448343109255084,25.22526802419884,9.13786652912752,33.52237988939425,23.448934649946956,41.21622228033657,70.28135853562316,54.96979738946286,11.023791396009267,37.89045474857515,55.75382405362482,61.34973332802857,28.30565166902626
12.986403295040857,46.378015863125974,46.100307167496354,21.678682505377353,13.042605180139127,34.86844260558228,34.138676172774765,10.034614076629275,33.596849364571185,45.0975882663662,48.77116569363442,21.217117593085295,41.28718501869275,24.8659708792578,35.35896035661316,30.73973234762572,29.546541012490078,13.418400724302034,40.98260449219517,0.0,22.829882771956918,19.79837061457392,34.78432206862775,21.452417606671183,30.065955364583672,25.066758360647242,15.553043492119219,22.622981526068333,27.366592721318955,49.29421823216149,7.698634109176167,63.89010295807005,19.834590056186347,29.73040773174152,32.85079347353936,36.86941298596047,33.12228981490543,49.81247077522701,26.05074706860889,13.171543742043543
35.667656589244714,55.70746200834108,58.57937715526541,14.967694914241017,34.62323373170083,12.7527007611532,41.79147408546591,32.808562439992514,55.158768303959484,65.8062438601781,70.78471411613975,43.970019874533584,52.74085710925241,23.563000353095212,56.566200564992606,50.26548209492769,50.83723181071418,20.558642068824657,63.710379627455445,22.829882771956918,0.0,3.8507326747553985,53.5202356203796,42.70897491615633,35.96342366974835,45.04768076953009,38.381217451327494,33.48745373313547,48.477227516029316,71.80443128803833,30.19091789383989,86.71659057272305,35.005858654469726,7.431394324793712,35.76493898033206,58.67466276086289,50.149350571494665,57.670134679514774,22.972767215403323,35.505043822611356
32.429487713715815,52.0961779366749,58.16085255524738,11.845972882099941,31.133142534990426,15.102289599594247,41.94821800811748,29.643948975922797,51.56152945298855,63.69248298884433,68.25122982648266,40.74469908706227,49.00371909322385,20.312448681723627,54.27629656719913,48.370969654866876,47.2153688168303,19.61377223190986,60.78071066523512,19.79837061457392,3.8507326747553985,0.0,51.828411563837825,40.33201665540397,36.25598812754084,41.324174838134326,35.27674222958731,29.67218816812865,44.841757631956426,69.03437747598524,27.34879647743188,83.62501260915425,31.16039802616393,11.243831841599393,36.551125730672375,56.19856638073301,46.30378152931004,58.048621456365574,19.912209374132217,32.75450315331028
29.407401815104002,71.45107695689636,19.92012252910545,56.40624895020788,34.0745468238314,66.25791449889968,25.447347183797294,29.63668427156863,38.880545049531655,14.14774939720837,23.15159213292564,27.13616085770228,65.0640690780777,59.183432730483325,10.194352045297732,4.523905488921787,38.301388945243495,33.322399226367615,25.181028783921143,34.78432206862775,53.5202356203796,51.828411563837825,0.0,14.865028157337184,28.257904887762628,40.78494871203733,26.353637166163182,52.19449347372875,38.15635872282172,27.5613469468426,27.98356710556415,45.37067350518574,46.62112848590479,58.379512747839065,32.77700502451843,14.185156472274837,51.30573832304764,30.60104443797861,60.55486758134244,23.471431000850533
14.548194879903846,57.059607843259585,31.861360540281893,43.011345426176895,19.220236759328632,55.33643982669671,28.827801424276753,14.873893776851236,27.77677772850113,23.645475793751665,28.1512300627781,13.69396059105197,50.7796479105259,44.91352127142711,13.974468975605339,10.363165474693238,25.98750139885212,24.57745644022217,23.06670710458526,21.452417606671183,42.70897491615633,40.33201665540397,14.865028157337184,0.0,28.566956258199543,26.984017983755106,11.605527175661136,37.33081049197155,25.24555221546763,29.849120538201422,13.972242207508419,46.43680277486893,31.77895672074177,48.6470873667604,33.123228097817,16.005657653133675,37.628535252783166,40.01931409937999,46.392963923566825,8.871994311880481
35.95440874663523,76.33583158271624,23.83873503569913,45.79221987961603,39.329210314001095,47.23440458333363,5.928557211926404,33.73459373607581,55.24761543163268,42.36774813839661,51.17289353086255,40.319863434438574,70.99465439751366,52.1968317764236,36.71631847192735,27.887272269046868,52.53608873182608,18.2614509151729,50.29521440211347,30.065955364583672,35.96342366974835,36.25598812754084,28.257904887762628,28.566956258199543,0.0,51.02225965113484,35.40511524891662,52.6882302156172,51.12230012186263,54.9465477881967,29.15522970646387,72.64874497702733,49.5151906269899,37.80274148336345,4.678405794480607,40.47661481334875,60.91708589377422,21.79290752159194,52.76460979355787,29.70136993073513
15.06789887522585,30.971077748140594,58.84472624259062,36.14409909054912,12.299680335790825,54.83215469030919,53.26584285484628,17.458109629314645,11.39728080047286,43.545971040906444,41.52560788325367,13.648968991240803,24.46905494823679,32.49714163712031,34.66791270807476,36.38739052480069,7.1238136692047345,37.77269252495407,29.906847183820386,25.066758360647242,45.04768076953009,41.324174838134326,40.78494871203733,26.984017983755106,51.02225965113484,0.0,16.16875836792872,18.511957500264987,4.935120483806709,38.92998427976596,22.16579163037731,47.85342268965827,12.7281268686552,52.46217614353432,54.84239069656301,33.31621517654707,10.644601691182457,66.46758517709165,34.422749632599654,21.614549795047953
3.526455239811735,45.51888441397014,43.10394029282792,35.01704892150145,7.891878120588138,50.26894325894297,37.241893469926275,5.6793165366826575,20.340045022913195,32.86364079199514,34.52813280609941,5.943157190778739,39.298782288712026,35.29102419198241,23.003574956032185,21.829732800215957,17.201160668853667,24.87686534680826,25.664226395827214,15.553043492119219,38.381217451327494,35.27674222958731,26.353637166163182,11.605527175661136,35.40511524891662,16.16875836792872,0.0,26.0768913262353,15.717395244270202,34.29310496134829,8.789036151999433,48.35294119064951,20.309534841494028,45.24507750308857,39.4850332211393,23.35442375782308,26.688716762621354,50.323029202656905,36.95234229271898,5.708673842668169
22.81955667339875,24.06727683243577,67.07224651640858,20.718018330972676,18.197877286424347,40.340632839998804,56.656901458979064,22.73278450557503,29.78482660277122,58.5213356275681,58.41621390748071,27.7029638436022,19.768467161856737,14.783540686034842,48.827044806181725,47.692348579638406,25.627619977459343,35.41505084447841,47.448343109255084,22.622981526068333,33.48745373313547,29.67218816812865,52.19449347372875,37.33081049197155,52.6882302156172,18.511957500264987,26.0768913262353,0.0,23.41990104283538,56.584004820701686,25.686121329358752,66.36453954191107,6.245791049267171,40.64331629120135,55.36034936331362,48.56049077888098,18.177845609254387,72.03048527143673,16.68872083398251,28.952743105342286
15.713281164921606,34.682152785506055,56.9088672346912,40.45240170395026,14.33093087673811,58.76198046152737,52.83639742622561,18.54319357053184,6.854670385793203,39.653021260533585,37.00247156498702,11.55507523041124,28.13301487387289,37.2223868868186,31.20034191592355,33.90732888567676,2.4202241045314805,39.32785126202535,25.22526802419884,27.366592721318955,48.477227516029316,44.841757631956426,38.15635872282172,25.24555221546763,51.12230012186263,4.935120483806709,15.717395244270202,23.41990104283538,0.0,34.173470507023886,23.164725435375928,42.94971382776441,17.532141379231557,55.837413152211056,55.17685108941223,29.466927833904936,13.514544434753214,65.2142824408666,39.14090650051795,21.42196445609107
37.622293929692134,67.59687198309642,45.23637187557359,69.23960558771702,40.76889377865126,84.13368463168398,52.84115572749572,39.930670014367415,29.880790995960865,15.983874576477229,5.9999108425111904,29.91810191342725,61.16781994207574,68.60687516156732,18.230461545316448,27.06486974657831,32.57912679619473,54.42624308551603,9.13786652912752,49.29421823216149,71.80443128803833,69.03437747598524,27.5613469468426,29.849120538201422,54.9465477881967,38.92998427976596,34.29310496134829,56.584004820701686,34.173470507023886,0.0,41.685581684008255,17.820975633639527,50.35328610103589,78.1443836452049,59.60006376639906,14.584110463059943,46.4701793142003,57.003743177128264,70.40134385640404,36.30500482859035
7.461553798091352,48.04703242738256,41.395421109884325,29.04860057207208,10.178426466646831,42.44870701274432,32.07738708222956,4.712068188728783,28.615218294426715,37.56206523656565,41.074125394053,14.728555179554034,42.32993643664616,31.202500976126675,27.75896503649713,23.729920112436673,25.027590678835296,16.305624322792408,33.52237988939425,7.698634109176167,30.19091789383989,27.34879647743188,27.98356710556415,13.972242207508419,29.15522970646387,22.16579163037731,8.789036151999433,25.686121329358752,23.164725435375928,41.685581684008255,0.0,56.64259896828774,21.22523392067217,36.817612034279534,32.775019559264216,29.17807277299389,31.777516407550344,46.716217716336395,32.599036117859136,5.472949924448454
51.259456971884624,71.71444263813122,62.45546562828526,82.05793078994432,53.38292677665655,98.57041797025141,70.65613006257291,53.98338738372657,36.75054108406456,33.00612868387699,22.696618256373952,42.97580465080383,65.82444143049112,79.93661183695608,35.966854986257296,44.810518460619456,40.74867638755213,70.78720491500007,23.448934649946956,63.89010295807005,86.71659057272305,83.62501260915425,45.37067350518574,46.43680277486893,72.64874497702733,47.85342268965827,48.35294119064951,66.36453954191107,42.94971382776441,17.820975633639527,56.64259896828774,0.0,60.44493012817903,93.45948588853528,77.31479993728357,32.17383622028387,52.33223679602884,74.37672934962238,81.83074094112408,51.58080580669423
17.240826238707648,26.905829786233745,62.27615795487931,24.11723627207284,12.565432317918757,43.42130299118862,53.02905151979796,17.644909208983837,24.121898235302805,52.43046618285349,52.17443436867911,21.52721983475048,21.50225196712769,19.787439579482534,42.802671001386635,42.10058250710608,19.83026795320703,33.19367900623071,41.21622228033657,19.834590056186347,35.005858654469726,31.16039802616393,46.62112848590479,31.77895672074177,49.5151906269899,12.7281268686552,20.309534841494028,6.245791049267171,17.532141379231557,50.35328610103589,21.22523392067217,60.44493012817903,0.0,42.389803073561104,52.573644412658176,42.414676314732745,15.143500849738446,67.93708581442628,21.71606710466648,23.754549296186568
42.68518530185436,62.278823863663995,61.2936367337273,21.13235796446548,41.88140392284944,9.671907370742675,43.73126985988213,39.76340070466475,62.48617819754601,71.22671817362038,76.79819377162873,50.946571069210655,59.63421166856163,29.657952860701567,62.290253949250214,55.45736997589778,58.186202818399025,25.0608368354234,70.28135853562316,29.73040773174152,7.431394324793712,11.243831841599393,58.379512747839065,48.6470873667604,37.80274148336345,52.46217614353432,45.24507750308857,40.64331629120135,55.837413152211056,78.1443836452049,36.817612034279534,93.45948588853528,42.389803073561104,0.0,36.678903984015676,64.65135506716211,57.53096723178219,58.940190904176596,28.763194052005844,41.97854188893416
39.80385247062499,79.22769117652473,26.48165187983895,46.81818205433476,42.93871934681002,46.28808051065889,8.589107005501576,37.43421812085772,59.5106577736647,46.84198370682217,55.7695923286965,44.57093712057452,74.07434435466838,53.71866396720652,41.37166975827978,32.53610511716373,56.671874437410686,20.159302794385834,54.96979738946286,32.85079347353936,35.76493898033206,36.551125730672375,32.77700502451843,33.123228097817,4.678405794480607,54.84239069656301,39.4850332211393,55.36034936331362,55.17685108941223,59.60006376639906,32.775019559264216,77.31479993728357,52.573644412658176,36.678903984015676,0.0,45.14507770155765,64.53193889792715,22.265759644492306,54.13024181726809,33.77815259714156
26.880722332957944,64.12456169476098,33.652720794671595,57.92635674391739,30.92860346139299,71.25343500938729,38.698189584774276,28.5267247802616,28.08103975877303,10.230075735638941,12.148012018125883,20.897681659438764,57.57917807103938,58.645114236108846,4.015921759310341,12.713120564653662,28.82651683326288,40.35440096872567,11.023791396009267,36.86941298596047,58.67466276086289,56.19856638073301,14.185156472274837,16.005657653133675,40.47661481334875,33.31621517654707,23.35442375782308,48.56049077888098,29.466927833904936,14.584110463059943,29.17807277299389,32.17383622028387,42.414676314732745,64.65135506716211,45.14507770155765,0.0,42.96184902851523,44.732336140373796,60.298435287050815,23.711618239216204
25.18457022257798,21.32775562694269,69.48932716429022,38.679569840250046,21.600005139164782,58.22829665456172,63.48882177987433,27.18770017797671,16.619029156883183,53.124168612135804,49.897146645024826,24.210049620850715,14.80067436498541,32.873625789504196,44.70090570232076,46.946891818984355,14.290257479568218,46.41457367331235,37.89045474857515,33.12228981490543,50.149350571494665,46.30378152931004,51.30573832304764,37.628535252783166,60.91708589377422,10.644601691182457,26.688716762621354,18.177845609254387,13.514544434753214,46.4701793142003,31.777516407550344,52.33223679602884,15.143500849738446,57.53096723178219,64.53193889792715,42.96184902851523,0.0,77.00970232354874,34.74587152317084,31.962432300208278
52.06368556277377,94.74227150912088,12.039287950611303,67.38101154439981,56.27694053927487,68.53343637913106,16.251981244335987,50.65608964670101,67.58557063128661,41.37348915294772,51.688116727126726,53.666171330573825,88.90452670021983,73.37104079704167,40.77764157694414,33.33901538069299,66.00615996700274,39.61371915854364,55.75382405362482,49.81247077522701,57.670134679514774,58.048621456365574,30.60104443797861,40.01931409937999,21.79290752159194,66.46758517709165,50.323029202656905,72.03048527143673,65.2142824408666,57.003743177128264,46.716217716336395,74.37672934962238,67.93708581442628,58.940190904176596,22.265759644492306,44.732336140373796,77.00970232354874,0.0,74.08071874882134,45.16196587126439
33.429700424535135,33.995459134765625,71.75508374512881,8.0668465733799,29.707101510865574,25.62125326153353,57.87170730117467,31.90401732263034,45.819420844204735,69.56364477871152,71.32042839023535,40.51388966074226,32.3367772318457,1.930530100389484,59.65266760543938,56.32895042420932,41.48582905427232,34.53694083230467,61.34973332802857,26.05074706860889,22.972767215403323,19.912209374132217,60.55486758134244,46.392963923566825,52.76460979355787,34.422749632599654,36.95234229271898,16.68872083398251,39.14090650051795,70.40134385640404,32.599036117859136,81.83074094112408,21.71606710466648,28.763194052005844,54.13024181726809,60.298435287050815,34.74587152317084,74.08071874882134,0.0,37.53192260571425
6.914729786239605,49.951596086247335,38.615148342034814,34.38134130695523,11.356281742252984,47.856576876220316,31.65873303000894,6.224341597798087,25.92090353213773,32.24486023292117,35.60350977872906,11.123460825826864,43.91082184544173,36.043224288219356,22.391102283191728,19.056499536152483,22.898703682374546,19.9558940500114,28.30565166902626,13.171543742043543,35.505043822611356,32.75450315331028,23.471431000850533,8.871994311880481,29.70136993073513,21.614549795047953,5.708673842668169,28.952743105342286,21.42196445609107,36.30500482859035,5.472949924448454,51.58080580669423,23.754549296186568,41.97854188893416,33.77815259714156,23.711618239216204,31.962432300208278,45.16196587126439,37.53192260571425,0.0
True
0.0,0.0,0.0,0.0,1.0,0.0,0.0,0.0,0.0,0.0,0.0,0.0,0.0,0.0,0.0,0.0,0.0,0.0,0.0,0.0,0.0,0.0,0.0,0.0,0.0,0.0,0.0,0.0,0.0,0.0,0.0,0.0,0.0,0.0,0.0,0.0,0.0,0.0,0.0,0.0
0.0,0.0,0.0,0.0,0.0,0.0,0.0,0.0,0.0,0.0,0.0,0.0,1.0,0.0,0.0,0.0,0.0,0.0,0.0,0.0,0.0,0.0,0.0,0.0,0.0,0.0,0.0,0.0,0.0,0.0,0.0,0.0,0.0,0.0,0.0,0.0,0.0,0.0,0.0,0.0
0.0,0.0,0.0,0.0,0.0,0.0,0.0,0.0,0.0,0.0,0.0,0.0,0.0,0.0,0.0,0.0,0.0,0.0,0.0,0.0,0.0,0.0,0.0,0.0,0.0,0.0,0.0,0.0,0.0,0.0,0.0,0.0,0.0,0.0,0.0,0.0,0.0,1.0,0.0,0.0
0.0,0.0,0.0,0.0,0.0,0.0,0.0,0.0,0.0,0.0,0.0,0.0,0.0,0.0,0.0,0.0,0.0,0.0,0.0,0.0,0.0,0.0,0.0,0.0,0.0,0.0,0.0,0.0,0.0,0.0,0.0,0.0,0.0,0.0,0.0,0.0,0.0,0.0,1.0,0.0
0.0,0.0,0.0,0.0,0.0,0.0,0.0,1.0,0.0,0.0,0.0,0.0,0.0,0.0,0.0,0.0,0.0,0.0,0.0,0.0,0.0,0.0,0.0,0.0,0.0,0.0,0.0,0.0,0.0,0.0,0.0,0.0,0.0,0.0,0.0,0.0,0.0,0.0,0.0,0.0
0.0,0.0,0.0,1.0,0.0,0.0,0.0,0.0,0.0,0.0,0.0,0.0,0.0,0.0,0.0,0.0,0.0,0.0,0.0,0.0,0.0,0.0,0.0,0.0,0.0,0.0,0.0,0.0,0.0,0.0,0.0,0.0,0.0,0.0,0.0,0.0,0.0,0.0,0.0,0.0
0.0,0.0,0.0,0.0,0.0,0.0,0.0,0.0,0.0,0.0,0.0,0.0,0.0,0.0,0.0,0.0,0.0,0.0,0.0,0.0,0.0,0.0,0.0,0.0,1.0,0.0,0.0,0.0,0.0,0.0,0.0,0.0,0.0,0.0,0.0,0.0,0.0,0.0,0.0,0.0
0.0,0.0,0.0,0.0,0.0,0.0,0.0,0.0,0.0,0.0,0.0,0.0,0.0,0.0,0.0,0.0,0.0,0.0,0.0,1.0,0.0,0.0,0.0,0.0,0.0,0.0,0.0,0.0,0.0,0.0,0.0,0.0,0.0,0.0,0.0,0.0,0.0,0.0,0.0,0.0
0.0,0.0,0.0,0.0,0.0,0.0,0.0,0.0,0.0,0.0,0.0,1.0,0.0,0.0,0.0,0.0,0.0,0.0,0.0,0.0,0.0,0.0,0.0,0.0,0.0,0.0,0.0,0.0,0.0,0.0,0.0,0.0,0.0,0.0,0.0,0.0,0.0,0.0,0.0,0.0
0.0,0.0,0.0,0.0,0.0,0.0,0.0,0.0,0.0,0.0,0.0,0.0,0.0,0.0,0.0,0.0,0.0,0.0,0.0,0.0,0.0,0.0,1.0,0.0,0.0,0.0,0.0,0.0,0.0,0.0,0.0,0.0,0.0,0.0,0.0,0.0,0.0,0.0,0.0,0.0
0.0,0.0,0.0,0.0,0.0,0.0,0.0,0.0,0.0,1.0,0.0,0.0,0.0,0.0,0.0,0.0,0.0,0.0,0.0,0.0,0.0,0.0,0.0,0.0,0.0,0.0,0.0,0.0,0.0,0.0,0.0,0.0,0.0,0.0,0.0,0.0,0.0,0.0,0.0,0.0
0.0,0.0,0.0,0.0,0.0,0.0,0.0,0.0,0.0,0.0,0.0,0.0,0.0,0.0,0.0,0.0,0.0,0.0,0.0,0.0,0.0,0.0,0.0,0.0,0.0,0.0,1.0,0.0,0.0,0.0,0.0,0.0,0.0,0.0,0.0,0.0,0.0,0.0,0.0,0.0
0.0,0.0,0.0,0.0,0.0,0.0,0.0,0.0,0.0,0.0,0.0,0.0,0.0,0.0,0.0,0.0,0.0,0.0,0.0,0.0,0.0,0.0,0.0,0.0,0.0,0.0,0.0,0.0,0.0,0.0,0.0,0.0,0.0,0.0,0.0,0.0,1.0,0.0,0.0,0.0
0.0,0.0,0.0,0.0,0.0,0.0,0.0,0.0,0.0,0.0,0.0,0.0,0.0,0.0,0.0,0.0,0.0,0.0,0.0,0.0,0.0,0.0,0.0,0.0,0.0,0.0,0.0,1.0,0.0,0.0,0.0,0.0,0.0,0.0,0.0,0.0,0.0,0.0,0.0,0.0
0.0,0.0,0.0,0.0,0.0,0.0,0.0,0.0,0.0,0.0,0.0,0.0,0.0,0.0,0.0,0.0,0.0,0.0,0.0,0.0,0.0,0.0,0.0,0.0,0.0,0.0,0.0,0.0,0.0,0.0,0.0,0.0,0.0,0.0,0.0,1.0,0.0,0.0,0.0,0.0
0.0,0.0,0.0,0.0,0.0,0.0,0.0,0.0,0.0,0.0,0.0,0.0,0.0,0.0,1.0,0.0,0.0,0.0,0.0,0.0,0.0,0.0,0.0,0.0,0.0,0.0,0.0,0.0,0.0,0.0,0.0,0.0,0.0,0.0,0.0,0.0,0.0,0.0,0.0,0.0
0.0,0.0,0.0,0.0,0.0,0.0,0.0,0.0,1.0,0.0,0.0,0.0,0.0,0.0,0.0,0.0,0.0,0.0,0.0,0.0,0.0,0.0,0.0,0.0,0.0,0.0,0.0,0.0,0.0,0.0,0.0,0.0,0.0,0.0,0.0,0.0,0.0,0.0,0.0,0.0
0.0,0.0,0.0,0.0,0.0,0.0,0.0,0.0,0.0,0.0,0.0,0.0,0.0,0.0,0.0,0.0,0.0,0.0,0.0,0.0,0.0,1.0,0.0,0.0,0.0,0.0,0.0,0.0,0.0,0.0,0.0,0.0,0.0,0.0,0.0,0.0,0.0,0.0,0.0,0.0
0.0,0.0,0.0,0.0,0.0,0.0,0.0,0.0,0.0,0.0,0.0,0.0,0.0,0.0,0.0,0.0,0.0,0.0,0.0,0.0,0.0,0.0,0.0,0.0,0.0,0.0,0.0,0.0,0.0,0.0,0.0,1.0,0.0,0.0,0.0,0.0,0.0,0.0,0.0,0.0
0.0,0.0,0.0,0.0,0.0,0.0,0.0,0.0,0.0,0.0,0.0,0.0,0.0,0.0,0.0,0.0,0.0,0.0,0.0,0.0,0.0,0.0,0.0,0.0,0.0,0.0,0.0,0.0,0.0,0.0,1.0,0.0,0.0,0.0,0.0,0.0,0.0,0.0,0.0,0.0
0.0,0.0,0.0,0.0,0.0,0.0,0.0,0.0,0.0,0.0,0.0,0.0,0.0,0.0,0.0,0.0,0.0,0.0,0.0,0.0,0.0,0.0,0.0,0.0,0.0,0.0,0.0,0.0,0.0,0.0,0.0,0.0,0.0,1.0,0.0,0.0,0.0,0.0,0.0,0.0
0.0,0.0,0.0,0.0,0.0,0.0,0.0,0.0,0.0,0.0,0.0,0.0,0.0,0.0,0.0,0.0,0.0,0.0,0.0,0.0,1.0,0.0,0.0,0.0,0.0,0.0,0.0,0.0,0.0,0.0,0.0,0.0,0.0,0.0,0.0,0.0,0.0,0.0,0.0,0.0
0.0,0.0,1.0,0.0,0.0,0.0,0.0,0.0,0.0,0.0,0.0,0.0,0.0,0.0,0.0,0.0,0.0,0.0,0.0,0.0,0.0,0.0,0.0,0.0,0.0,0.0,0.0,0.0,0.0,0.0,0.0,0.0,0.0,0.0,0.0,0.0,0.0,0.0,0.0,0.0
0.0,0.0,0.0,0.0,0.0,0.0,0.0,0.0,0.0,0.0,0.0,0.0,0.0,0.0,0.0,1.0,0.0,0.0,0.0,0.0,0.0,0.0,0.0,0.0,0.0,0.0,0.0,0.0,0.0,0.0,0.0,0.0,0.0,0.0,0.0,0.0,0.0,0.0,0.0,0.0
0.0,0.0,0.0,0.0,0.0,0.0,0.0,0.0,0.0,0.0,0.0,0.0,0.0,0.0,0.0,0.0,0.0,0.0,0.0,0.0,0.0,0.0,0.0,0.0,0.0,0.0,0.0,0.0,0.0,0.0,0.0,0.0,0.0,0.0,1.0,0.0,0.0,0.0,0.0,0.0
0.0,0.0,0.0,0.0,0.0,0.0,0.0,0.0,0.0,0.0,0.0,0.0,0.0,0.0,0.0,0.0,0.0,0.0,0.0,0.0,0.0,0.0,0.0,0.0,0.0,0.0,0.0,0.0,1.0,0.0,0.0,0.0,0.0,0.0,0.0,0.0,0.0,0.0,0.0,0.0
1.0,0.0,0.0,0.0,0.0,0.0,0.0,0.0,0.0,0.0,0.0,0.0,0.0,0.0,0.0,0.0,0.0,0.0,0.0,0.0,0.0,0.0,0.0,0.0,0.0,0.0,0.0,0.0,0.0,0.0,0.0,0.0,0.0,0.0,0.0,0.0,0.0,0.0,0.0,0.0
0.0,0.0,0.0,0.0,0.0,0.0,0.0,0.0,0.0,0.0,0.0,0.0,0.0,0.0,0.0,0.0,0.0,0.0,0.0,0.0,0.0,0.0,0.0,0.0,0.0,0.0,0.0,0.0,0.0,0.0,0.0,0.0,1.0,0.0,0.0,0.0,0.0,0.0,0.0,0.0
0.0,0.0,0.0,0.0,0.0,0.0,0.0,0.0,0.0,0.0,0.0,0.0,0.0,0.0,0.0,0.0,1.0,0.0,0.0,0.0,0.0,0.0,0.0,0.0,0.0,0.0,0.0,0.0,0.0,0.0,0.0,0.0,0.0,0.0,0.0,0.0,0.0,0.0,0.0,0.0
0.0,0.0,0.0,0.0,0.0,0.0,0.0,0.0,0.0,0.0,1.0,0.0,0.0,0.0,0.0,0.0,0.0,0.0,0.0,0.0,0.0,0.0,0.0,0.0,0.0,0.0,0.0,0.0,0.0,0.0,0.0,0.0,0.0,0.0,0.0,0.0,0.0,0.0,0.0,0.0
0.0,0.0,0.0,0.0,0.0,0.0,0.0,0.0,0.0,0.0,0.0,0.0,0.0,0.0,0.0,0.0,0.0,0.0,0.0,0.0,0.0,0.0,0.0,0.0,0.0,0.0,0.0,0.0,0.0,0.0,0.0,0.0,0.0,0.0,0.0,0.0,0.0,0.0,0.0,1.0
0.0,0.0,0.0,0.0,0.0,0.0,0.0,0.0,0.0,0.0,0.0,0.0,0.0,0.0,0.0,0.0,0.0,0.0,0.0,0.0,0.0,0.0,0.0,0.0,0.0,0.0,0.0,0.0,0.0,1.0,0.0,0.0,0.0,0.0,0.0,0.0,0.0,0.0,0.0,0.0
0.0,1.0,0.0,0.0,0.0,0.0,0.0,0.0,0.0,0.0,0.0,0.0,0.0,0.0,0.0,0.0,0.0,0.0,0.0,0.0,0.0,0.0,0.0,0.0,0.0,0.0,0.0,0.0,0.0,0.0,0.0,0.0,0.0,0.0,0.0,0.0,0.0,0.0,0.0,0.0
0.0,0.0,0.0,0.0,0.0,1.0,0.0,0.0,0.0,0.0,0.0,0.0,0.0,0.0,0.0,0.0,0.0,0.0,0.0,0.0,0.0,0.0,0.0,0.0,0.0,0.0,0.0,0.0,0.0,0.0,0.0,0.0,0.0,0.0,0.0,0.0,0.0,0.0,0.0,0.0
0.0,0.0,0.0,0.0,0.0,0.0,0.0,0.0,0.0,0.0,0.0,0.0,0.0,0.0,0.0,0.0,0.0,1.0,0.0,0.0,0.0,0.0,0.0,0.0,0.0,0.0,0.0,0.0,0.0,0.0,0.0,0.0,0.0,0.0,0.0,0.0,0.0,0.0,0.0,0.0
0.0,0.0,0.0,0.0,0.0,0.0,0.0,0.0,0.0,0.0,0.0,0.0,0.0,0.0,0.0,0.0,0.0,0.0,1.0,0.0,0.0,0.0,0.0,0.0,0.0,0.0,0.0,0.0,0.0,0.0,0.0,0.0,0.0,0.0,0.0,0.0,0.0,0.0,0.0,0.0
0.0,0.0,0.0,0.0,0.0,0.0,0.0,0.0,0.0,0.0,0.0,0.0,0.0,0.0,0.0,0.0,0.0,0.0,0.0,0.0,0.0,0.0,0.0,0.0,0.0,1.0,0.0,0.0,0.0,0.0,0.0,0.0,0.0,0.0,0.0,0.0,0.0,0.0,0.0,0.0
0.0,0.0,0.0,0.0,0.0,0.0,1.0,0.0,0.0,0.0,0.0,0.0,0.0,0.0,0.0,0.0,0.0,0.0,0.0,0.0,0.0,0.0,0.0,0.0,0.0,0.0,0.0,0.0,0.0,0.0,0.0,0.0,0.0,0.0,0.0,0.0,0.0,0.0,0.0,0.0
0.0,0.0,0.0,0.0,0.0,0.0,0.0,0.0,0.0,0.0,0.0,0.0,0.0,1.0,0.0,0.0,0.0,0.0,0.0,0.0,0.0,0.0,0.0,0.0,0.0,0.0,0.0,0.0,0.0,0.0,0.0,0.0,0.0,0.0,0.0,0.0,0.0,0.0,0.0,0.0
0.0,0.0,0.0,0.0,0.0,0.0,0.0,0.0,0.0,0.0,0.0,0.0,0.0,0.0,0.0,0.0,0.0,0.0,0.0,0.0,0.0,0.0,0.0,1.0,0.0,0.0,0.0,0.0,0.0,0.0,0.0,0.0,0.0,0.0,0.0,0.0,0.0,0.0,0.0,0.0
413.7372826204676
GUROBI,20.58074450492859
