16
32
16.05735392379579,15.98053585247182
25.45971500156736,13.884492058997207
15.51137010291096,6.364135701846312
29.70218414659613,30.003160023356898
14.380143327754464,25.128618199622867
18.264219095802353,2.212413087284123
23.324559678009543,26.88971105413939
7.381863895731502,7.471959930411856
4.779688479671371,5.108733155220914
12.952992227545806,2.799776732431841
31.074350876448136,10.958994085895739
18.750357327193477,1.7445166424966452
3.486031380525503,5.179360588789304
28.147638314135953,21.011292371297024
18.935226594018868,14.665044316123375
18.091359552551697,12.54516930699518
0.0,9.633161133343364,9.6318871561921,19.565668412986458,9.300561596684895,13.943868127771982,13.108103716966696,12.151542760016174,15.664668261969359,13.54139846993881,15.834332293767169,14.488495790712497,16.574182862624717,13.095170399464273,3.1642801848479376,3.9923579748803606
9.633161133343364,0.0,12.470979350522667,16.667633347053098,15.785666952696626,13.711768261307064,13.17932507252645,19.18148244805156,22.46502707061646,16.711942688305946,6.331087931636948,13.870633854150924,23.63518744988597,7.616837560670865,6.571012920877528,7.489088559836176
9.6318871561921,12.470979350522667,0.0,27.57141044806053,18.798549875620555,4.9814634642773665,21.96235813566226,8.204641716368007,10.80486122153597,4.387476748200873,16.227109851324638,5.641978242830441,12.083561704092974,19.34462387345512,8.979302706462285,6.697874438076392
19.565668412986458,16.667633347053098,27.57141044806053,0.0,16.07874661923567,30.05249839477607,7.097017566995022,31.7151647280837,35.22588933385294,31.946196838030055,19.093535497337015,30.306656635281037,36.1041228147367,9.1252559754442,18.73993512228589,20.9664657872098
9.300561596684895,15.785666952696626,18.798549875620555,16.07874661923567,0.0,23.24303124213185,9.116141282853153,18.99298544843262,22.202804563413856,22.37440326645107,21.896913325927425,23.78896752771935,22.730036391131396,14.369978781356588,11.412062126454387,13.11931064883255
13.943868127771982,13.711768261307064,4.9814634642773665,30.05249839477607,23.24303124213185,0.0,25.190793591169214,12.086707065845685,13.792071485941015,5.343606169781926,15.511355691969186,0.6747276954926711,15.073075652455522,21.23864020553612,12.470696675973052,10.334202026168754
13.108103716966696,13.17932507252645,21.96235813566226,7.097017566995022,9.116141282853153,25.190793591169214,0.0,25.124064311119884,28.606349749594543,26.22774002852137,17.715727666163826,25.557858461645818,29.409293128846222,7.603807844826773,12.98879216008056,15.26932419881951
12.151542760016174,19.18148244805156,8.204641716368007,31.7151647280837,18.99298544843262,12.086707065845685,25.124064311119884,0.0,3.515132669889871,7.270953632435761,23.9477211135619,12.729738784338,4.520345421286349,24.789733966722316,13.609579443103478,11.850348121557593
15.664668261969359,22.46502707061646,10.80486122153597,35.22588933385294,22.202804563413856,13.792071485941015,28.606349749594543,3.515132669889871,0.0,8.493183968180437,26.93760983304655,14.370022296141759,1.295583623137835,28.265747276285843,17.079295720571547,15.247989027802129
13.54139846993881,16.711942688305946,4.387476748200873,31.946196838030055,22.37440326645107,5.343606169781926,26.22774002852137,7.270953632435761,8.493183968180437,0.0,19.873511695299694,5.892623860049349,9.761442875336229,23.717853434941375,13.288028553852994,11.017054742490956
15.834332293767169,6.331087931636948,16.227109851324638,19.093535497337015,21.896913325927425,15.511355691969186,17.715727666163826,23.9477211135619,26.93760983304655,19.873511695299694,0.0,15.387898217657314,28.18722292050034,10.469687065097865,12.692247502047627,13.079526579674054
14.488495790712497,13.870633854150924,5.641978242830441,30.306656635281037,23.78896752771935,0.6747276954926711,25.557858461645818,12.729738784338,14.370022296141759,5.892623860049349,15.387898217657314,0.0,15.646015452552271,21.436360160517967,12.921850177539234,10.820738239423507
16.574182862624717,23.63518744988597,12.083561704092974,36.1041228147367,22.730036391131396,15.073075652455522,29.409293128846222,4.520345421286349,1.295583623137835,9.761442875336229,28.18722292050034,15.646015452552271,0.0,29.306056038195948,18.128867270727,16.357589953467464
13.095170399464273,7.616837560670865,19.34462387345512,9.1252559754442,14.369978781356588,21.23864020553612,7.603807844826773,24.789733966722316,28.265747276285843,23.717853434941375,10.469687065097865,21.436360160517967,29.306056038195948,0.0,11.18675082759717,13.145492850045379
3.1642801848479376,6.571012920877528,8.979302706462285,18.73993512228589,11.412062126454387,12.470696675973052,12.98879216008056,13.609579443103478,17.079295720571547,13.288028553852994,12.692247502047627,12.921850177539234,18.128867270727,11.18675082759717,0.0,2.281662034132315
3.9923579748803606,7.489088559836176,6.697874438076392,20.9664657872098,13.11931064883255,10.334202026168754,15.26932419881951,11.850348121557593,15.247989027802129,11.017054742490956,13.079526579674054,10.820738239423507,16.357589953467464,13.145492850045379,2.281662034132315,0.0
True
0.0,0.0,0.0,0.0,0.0,0.0,0.0,0.0,0.0,0.0,0.0,0.0,0.0,0.0,1.0,0.0
0.0,0.0,0.0,0.0,0.0,0.0,0.0,0.0,0.0,0.0,0.0,0.0,0.0,1.0,0.0,0.0
0.0,0.0,0.0,0.0,0.0,0.0,0.0,1.0,0.0,0.0,0.0,0.0,0.0,0.0,0.0,0.0
0.0,0.0,0.0,0.0,0.0,0.0,1.0,0.0,0.0,0.0,0.0,0.0,0.0,0.0,0.0,0.0
1.0,0.0,0.0,0.0,0.0,0.0,0.0,0.0,0.0,0.0,0.0,0.0,0.0,0.0,0.0,0.0
0.0,0.0,0.0,0.0,0.0,0.0,0.0,0.0,0.0,0.0,0.0,1.0,0.0,0.0,0.0,0.0
0.0,0.0,0.0,0.0,1.0,0.0,0.0,0.0,0.0,0.0,0.0,0.0,0.0,0.0,0.0,0.0
0.0,0.0,0.0,0.0,0.0,0.0,0.0,0.0,0.0,0.0,0.0,0.0,1.0,0.0,0.0,0.0
0.0,0.0,0.0,0.0,0.0,0.0,0.0,0.0,0.0,1.0,0.0,0.0,0.0,0.0,0.0,0.0
0.0,0.0,0.0,0.0,0.0,1.0,0.0,0.0,0.0,0.0,0.0,0.0,0.0,0.0,0.0,0.0
0.0,1.0,0.0,0.0,0.0,0.0,0.0,0.0,0.0,0.0,0.0,0.0,0.0,0.0,0.0,0.0
0.0,0.0,0.0,0.0,0.0,0.0,0.0,0.0,0.0,0.0,1.0,0.0,0.0,0.0,0.0,0.0
0.0,0.0,0.0,0.0,0.0,0.0,0.0,0.0,1.0,0.0,0.0,0.0,0.0,0.0,0.0,0.0
0.0,0.0,0.0,1.0,0.0,0.0,0.0,0.0,0.0,0.0,0.0,0.0,0.0,0.0,0.0,0.0
0.0,0.0,0.0,0.0,0.0,0.0,0.0,0.0,0.0,0.0,0.0,0.0,0.0,0.0,0.0,1.0
0.0,0.0,1.0,0.0,0.0,0.0,0.0,0.0,0.0,0.0,0.0,0.0,0.0,0.0,0.0,0.0
104.65070538324626
GUROBI,0.6724090576171875
