16
32
30.832282777465927,8.420912310748616
2.05004922302577,30.66134840986847
9.62562528631858,6.333635039773988
22.644220426777068,10.492577005364307
9.04748883129179,27.375574162005524
2.7260154063351756,27.561925550419428
22.905998710425344,26.27334435787253
5.5098296339247845,19.500746823589193
19.574653732748704,18.213439254689547
9.444435670934084,22.469675213271138
4.305152899881406,30.021199235988973
20.281642545908582,10.985620571445523
24.691336906314046,0.807111795762161
20.527446688280037,2.0642509206405535
30.500495407729648,0.3640427342704591
19.352903690888148,10.570337794937661
0.0,36.37380879508461,21.309130633434183,8.446073624216492,28.876572739380954,34.005009239503856,19.532928841026337,27.640357559893648,14.920716995381621,25.589211456074132,34.209077958853946,10.857888273427914,9.7816754431143,12.10771617000822,8.063698297375456,11.678877263052327
36.37380879508461,0.0,25.47993309465723,28.82532267879345,7.730489860238446,3.172278730290446,21.31255987865595,11.68456709764209,21.495632243732413,11.035418465144913,2.3442021154726427,26.823968033508333,37.468698292954706,34.04714675119474,41.56145593346502,26.51485395519439
21.309130633434183,25.47993309465723,0.0,13.666770566023182,21.049879899522683,22.321400818504287,23.95746910618872,13.795383524199277,15.495577279101326,16.137057419413154,24.27772897049159,11.627195415213476,16.0473713044682,11.708003699904335,21.711661264852754,10.609881968976701
8.446073624216492,28.82532267879345,13.666770566023182,0.0,21.677331548666757,26.23161357959003,15.782938449597378,19.3580595958417,8.308667375827715,17.82372573516631,26.789708546053404,2.413475958285706,9.899440499705296,8.690075468626585,12.818278474782176,3.292235197603228
28.876572739380954,7.730489860238446,21.049879899522683,21.677331548666757,0.0,6.324219564689109,13.902273433189313,8.632956515967436,13.955856008225519,4.921931662334937,5.430385080124238,19.870500456313344,30.83201542392043,27.79303000083094,34.49426504855851,19.713384914352222
34.005009239503856,3.172278730290446,22.321400818504287,26.23161357959003,6.324219564689109,0.0,20.221082256969915,8.5283189503929,19.268388865593828,8.430194798933186,2.922619079534363,24.144853095839732,34.61640373643443,31.096983249374436,38.873468703330715,23.77325111294715
19.532928841026337,21.31255987865595,23.95746910618872,15.782938449597378,13.902273433189313,20.221082256969915,0.0,18.668014781962626,8.721234409910473,13.988623178418592,18.97466418820241,15.511342425732316,25.52873740280137,24.325659595881053,26.999412784506166,16.099965817772272
27.640357559893648,11.68456709764209,13.795383524199277,19.3580595958417,8.632956515967436,8.5283189503929,18.668014781962626,0.0,14.123612771093818,4.929062836841244,10.589200394511089,17.050332307512296,26.78399170762872,23.01217528537462,31.476130944259495,16.473703432003166
14.920716995381621,21.495632243732413,15.495577279101326,8.308667375827715,13.955856008225519,19.268388865593828,8.721234409910473,14.123612771093818,0.0,10.988032695393573,19.302353521291423,7.262313412390338,18.142785957676296,16.17727103885863,20.92785159661401,7.646317610793222
25.589211456074132,11.035418465144913,16.137057419413154,17.82372573516631,4.921931662334937,8.430194798933186,13.988623178418592,4.929062836841244,10.988032695393573,0.0,9.134426225358846,15.790141350457601,26.490274651257003,23.220992092778683,30.528947556968827,15.48457198303536
34.209077958853946,2.3442021154726427,24.27772897049159,26.789708546053404,5.430385080124238,2.922619079534363,18.97466418820241,10.589200394511089,19.302353521291423,9.134426225358846,0.0,24.851589013655353,35.62386002820789,32.32265111132099,39.569469302366265,24.592088456802948
10.857888273427914,26.823968033508333,11.627195415213476,2.413475958285706,19.870500456313344,24.144853095839732,15.511342425732316,17.050332307512296,7.262313412390338,15.790141350457601,24.851589013655353,0.0,11.092675297188453,8.924755241613685,14.7391610874811,1.0173571866796565
9.7816754431143,37.468698292954706,16.0473713044682,9.899440499705296,30.83201542392043,34.61640373643443,25.52873740280137,26.78399170762872,18.142785957676296,26.490274651257003,35.62386002820789,11.092675297188453,0.0,4.34952647159887,5.82603061164463,11.127418887888554
12.10771617000822,34.04714675119474,11.708003699904335,8.690075468626585,27.79303000083094,31.096983249374436,24.325659595881053,23.01217528537462,16.17727103885863,23.220992092778683,32.32265111132099,8.924755241613685,4.34952647159887,0.0,10.11693672202784,8.586795977884409
8.063698297375456,41.56145593346502,21.711661264852754,12.818278474782176,34.49426504855851,38.873468703330715,26.999412784506166,31.476130944259495,20.92785159661401,30.528947556968827,39.569469302366265,14.7391610874811,5.82603061164463,10.11693672202784,0.0,15.114141058981584
11.678877263052327,26.51485395519439,10.609881968976701,3.292235197603228,19.713384914352222,23.77325111294715,16.099965817772272,16.473703432003166,7.646317610793222,15.48457198303536,24.592088456802948,1.0173571866796565,11.127418887888554,8.586795977884409,15.114141058981584,0.0
True
0.0,0.0,0.0,0.0,0.0,0.0,0.0,0.0,0.0,0.0,0.0,0.0,0.0,0.0,1.0,0.0
0.0,0.0,0.0,0.0,0.0,0.0,0.0,0.0,0.0,0.0,1.0,0.0,0.0,0.0,0.0,0.0
0.0,0.0,0.0,0.0,0.0,0.0,0.0,1.0,0.0,0.0,0.0,0.0,0.0,0.0,0.0,0.0
1.0,0.0,0.0,0.0,0.0,0.0,0.0,0.0,0.0,0.0,0.0,0.0,0.0,0.0,0.0,0.0
0.0,0.0,0.0,0.0,0.0,0.0,1.0,0.0,0.0,0.0,0.0,0.0,0.0,0.0,0.0,0.0
0.0,1.0,0.0,0.0,0.0,0.0,0.0,0.0,0.0,0.0,0.0,0.0,0.0,0.0,0.0,0.0
0.0,0.0,0.0,0.0,0.0,0.0,0.0,0.0,1.0,0.0,0.0,0.0,0.0,0.0,0.0,0.0
0.0,0.0,0.0,0.0,0.0,0.0,0.0,0.0,0.0,1.0,0.0,0.0,0.0,0.0,0.0,0.0
0.0,0.0,0.0,0.0,0.0,0.0,0.0,0.0,0.0,0.0,0.0,0.0,0.0,0.0,0.0,1.0
0.0,0.0,0.0,0.0,0.0,1.0,0.0,0.0,0.0,0.0,0.0,0.0,0.0,0.0,0.0,0.0
0.0,0.0,0.0,0.0,1.0,0.0,0.0,0.0,0.0,0.0,0.0,0.0,0.0,0.0,0.0,0.0
0.0,0.0,0.0,1.0,0.0,0.0,0.0,0.0,0.0,0.0,0.0,0.0,0.0,0.0,0.0,0.0
0.0,0.0,0.0,0.0,0.0,0.0,0.0,0.0,0.0,0.0,0.0,0.0,0.0,1.0,0.0,0.0
0.0,0.0,1.0,0.0,0.0,0.0,0.0,0.0,0.0,0.0,0.0,0.0,0.0,0.0,0.0,0.0
0.0,0.0,0.0,0.0,0.0,0.0,0.0,0.0,0.0,0.0,0.0,0.0,1.0,0.0,0.0,0.0
0.0,0.0,0.0,0.0,0.0,0.0,0.0,0.0,0.0,0.0,0.0,1.0,0.0,0.0,0.0,0.0
110.19549838945916
GUROBI,0.38806605339050293
