16
32
20.203177819791012,13.634217269728826
8.790859879676646,16.14856637114229
4.618689989050512,9.877852374263465
25.567844095676975,20.697136574912
20.860088645572404,27.105513545605096
9.27627762906872,24.08513161092056
25.642410344127512,3.5804468323000727
11.592504025213536,21.321674510646975
10.467226301707935,21.866381196623152
29.103639868671305,10.660999641147235
4.687143756326513,19.908058128895455
2.91174195307838,0.22784955056245337
28.442114333774974,18.835283710398436
30.76743239003738,20.456937439358015
0.6415279513892003,6.3185705715617395
13.93733346907991,8.252932285363897
0.0,11.68601523916664,16.030799673577835,8.869299485481216,13.487303480884037,15.120144124476258,11.430815826629189,11.542993633696943,12.749795091754393,9.383935621607105,16.736439053297428,21.879772616600526,9.743262646655783,12.575889039667782,20.884846951470525,8.259481431076026
11.68601523916664,0.0,7.531856054579063,17.382654868648398,16.300950106895428,7.9513959904334754,21.02218784519256,5.883048337488886,5.958490644400033,21.040970022730665,5.565452748668145,16.971542407098504,19.834067955938313,22.394905683315155,12.768728530953128,9.424819787292005
16.030799673577835,7.531856054579063,0.0,23.57803996089555,23.676472282724536,14.951250982202064,21.94662010716981,13.40131140225335,13.339047954221524,24.49747109905775,10.030439342247524,9.799807451932239,25.451741073065765,28.207689908386243,5.337256301214879,9.459253755091032
8.869299485481216,17.382654868648398,23.57803996089555,0.0,7.951745517589134,16.64012164318318,17.116852160086108,13.989287963233624,15.145817599091005,10.6407657760897,20.89560459655854,30.53343537142628,3.424605888378004,5.205133433022697,28.77610809052679,17.03311474262399
13.487303480884037,16.300950106895428,23.676472282724536,7.951745517589134,0.0,11.971106243678603,24.006235954308266,10.924326921042665,11.638732554220203,18.395058421265293,17.702189437075507,32.31952924818635,11.219795678340406,11.931430103367699,28.99805501668173,20.0834349504175
15.120144124476258,7.9513959904334754,14.951250982202064,16.64012164318318,11.971106243678603,0.0,26.235327288172115,3.605773129753242,2.5181763524038634,23.944344061224744,6.205488907103711,24.691642749692424,19.871844392760377,21.795263841175824,19.753723526501258,16.50405941057712
11.430815826629189,21.02218784519256,21.94662010716981,17.116852160086108,24.006235954308266,26.235327288172115,0.0,22.630754010973675,23.762609416847248,7.88126499366993,26.56527975419265,22.97657925012674,15.509622516587491,17.637510770547447,25.150376578235182,12.603211692257938
11.542993633696943,5.883048337488886,13.40131140225335,13.989287963233624,10.924326921042665,3.605773129753242,22.630754010973675,0.0,1.2501821182392177,20.500972347701335,7.048568061519994,22.810196877705923,17.03207288505837,19.194417104944538,18.57463336856122,13.277433805962641
12.749795091754393,5.958490644400033,13.339047954221524,15.145817599091005,11.638732554220203,2.5181763524038634,23.762609416847248,1.2501821182392177,0.0,21.745723405826173,6.102817666374885,22.91967267523593,18.228662916855548,20.349076119901405,18.392356110738746,14.048759198324673
9.383935621607105,21.040970022730665,24.49747109905775,10.6407657760897,18.395058421265293,23.944344061224744,7.88126499366993,20.500972347701335,21.745723405826173,0.0,26.108875369881115,28.193370448272237,8.201008235463116,9.936226793937845,28.791465836533458,15.356289857783887
16.736439053297428,5.565452748668145,10.030439342247524,20.89560459655854,17.702189437075507,6.205488907103711,26.56527975419265,7.048568061519994,6.102817666374885,26.108875369881115,0.0,19.760128067643404,23.779181484828776,26.086063783467257,14.178899086744586,14.87978387445483
21.879772616600526,16.971542407098504,9.799807451932239,30.53343537142628,32.31952924818635,24.691642749692424,22.97657925012674,22.810196877705923,22.91967267523593,28.193370448272237,19.760128067643404,0.0,31.591716001345457,34.426087296297624,6.500058012749439,13.636921249979158
9.743262646655783,19.834067955938313,25.451741073065765,3.424605888378004,11.219795678340406,19.871844392760377,15.509622516587491,17.03207288505837,18.228662916855548,8.201008235463116,23.779181484828776,31.591716001345457,0.0,2.8349364859602213,30.48837009425759,17.95479962616555
12.575889039667782,22.394905683315155,28.207689908386243,5.205133433022697,11.931430103367699,21.795263841175824,17.637510770547447,19.194417104944538,20.349076119901405,9.936226793937845,26.086063783467257,34.426087296297624,2.8349364859602213,0.0,33.278574728118414,20.789179192260786
20.884846951470525,12.768728530953128,5.337256301214879,28.77610809052679,28.99805501668173,19.753723526501258,25.150376578235182,18.57463336856122,18.392356110738746,28.791465836533458,14.178899086744586,6.500058012749439,30.48837009425759,33.278574728118414,0.0,13.435780572935773
8.259481431076026,9.424819787292005,9.459253755091032,17.03311474262399,20.0834349504175,16.50405941057712,12.603211692257938,13.277433805962641,14.048759198324673,15.356289857783887,14.87978387445483,13.636921249979158,17.95479962616555,20.789179192260786,13.435780572935773,0.0
True
0.0,0.0,0.0,0.0,0.0,0.0,0.0,0.0,0.0,0.0,0.0,0.0,0.0,0.0,0.0,1.0
0.0,0.0,0.0,0.0,0.0,0.0,0.0,0.0,0.0,0.0,1.0,0.0,0.0,0.0,0.0,0.0
0.0,1.0,0.0,0.0,0.0,0.0,0.0,0.0,0.0,0.0,0.0,0.0,0.0,0.0,0.0,0.0
0.0,0.0,0.0,0.0,0.0,0.0,0.0,0.0,0.0,0.0,0.0,0.0,1.0,0.0,0.0,0.0
0.0,0.0,0.0,1.0,0.0,0.0,0.0,0.0,0.0,0.0,0.0,0.0,0.0,0.0,0.0,0.0
0.0,0.0,0.0,0.0,0.0,0.0,0.0,0.0,1.0,0.0,0.0,0.0,0.0,0.0,0.0,0.0
1.0,0.0,0.0,0.0,0.0,0.0,0.0,0.0,0.0,0.0,0.0,0.0,0.0,0.0,0.0,0.0
0.0,0.0,0.0,0.0,1.0,0.0,0.0,0.0,0.0,0.0,0.0,0.0,0.0,0.0,0.0,0.0
0.0,0.0,0.0,0.0,0.0,0.0,0.0,1.0,0.0,0.0,0.0,0.0,0.0,0.0,0.0,0.0
0.0,0.0,0.0,0.0,0.0,0.0,1.0,0.0,0.0,0.0,0.0,0.0,0.0,0.0,0.0,0.0
0.0,0.0,0.0,0.0,0.0,1.0,0.0,0.0,0.0,0.0,0.0,0.0,0.0,0.0,0.0,0.0
0.0,0.0,0.0,0.0,0.0,0.0,0.0,0.0,0.0,0.0,0.0,0.0,0.0,0.0,1.0,0.0
0.0,0.0,0.0,0.0,0.0,0.0,0.0,0.0,0.0,0.0,0.0,0.0,0.0,1.0,0.0,0.0
0.0,0.0,0.0,0.0,0.0,0.0,0.0,0.0,0.0,1.0,0.0,0.0,0.0,0.0,0.0,0.0
0.0,0.0,1.0,0.0,0.0,0.0,0.0,0.0,0.0,0.0,0.0,0.0,0.0,0.0,0.0,0.0
0.0,0.0,0.0,0.0,0.0,0.0,0.0,0.0,0.0,0.0,0.0,1.0,0.0,0.0,0.0,0.0
111.1887956032205
GUROBI,0.4009125232696533
