16
32
16.33763994401055,8.845967421948462
18.921707429034683,31.970700504657778
7.149379993875989,24.795996154169252
31.73059371492745,31.72773163215171
17.437505284753705,31.44595191472078
2.3458952251180456,21.961471617073144
26.664519639015143,9.525474191174265
24.664055568247527,12.068335296037283
25.40887160165579,7.676220321359793
4.606543046658203,31.021406575754906
21.69392922822773,24.402264547964233
31.36579972866403,1.5491749132719441
18.11854641519985,15.232307343114325
12.154793781378341,4.81432580987326
14.93680643453898,7.90831629878538
0.19378062251536932,17.713815554522384
0.0,23.268663152697656,18.40726860427466,27.577493707096064,22.62673204069287,19.177731111134847,10.349211259053602,8.928205411139315,9.146340911315344,25.087222566064217,16.4526051180081,16.705950060614747,6.630004935729741,5.8095039468497935,1.6856821023038204,18.419091299372553
23.268663152697656,0.0,13.786372828177434,12.811190489487647,1.574235397813529,19.363424623334854,23.74319534482491,20.714214999589743,25.145676892444104,14.346605530853353,8.060175961757464,32.86829250918029,16.757651185191463,27.986779144416932,24.39011622782783,23.537077366396655
18.40726860427466,13.786372828177434,0.0,25.539871274866076,12.250201370511839,5.577454193006829,24.779618971880787,21.6508016340068,25.029897289845753,6.724712236023422,14.549877559904298,33.56858177787179,14.552895095251534,20.599061069190423,18.5967131898805,9.926612950089607
27.577493707096064,12.811190489487647,25.539871274866076,0.0,14.295865719917842,30.965147182261695,22.7729080711724,20.890855072947872,24.86844118175845,27.13324565436526,12.425663041467587,30.180761426562068,21.386604549703208,33.27977397749259,29.144396340331785,34.51029446203802
22.62673204069287,1.574235397813529,12.250201370511839,14.295865719917842,0.0,17.824479254905665,23.783295346150954,20.681273046419157,25.07075629052033,12.837983903256399,8.229864914273184,32.98203543128628,16.227941561262256,27.150516566288207,23.670103192170835,22.043538945508942
19.177731111134847,19.363424623334854,5.577454193006829,30.965147182261695,17.824479254905665,0.0,27.313907178599614,24.41258747794335,27.128753821847734,9.337716531817517,19.501381743788734,35.479807131929874,17.148124602705472,19.75447038572226,18.868551070059443,4.761741203431777
10.349211259053602,23.74319534482491,24.779618971880787,22.7729080711724,23.783295346150954,27.313907178599614,0.0,3.235428734659027,2.235261029219674,30.799828577955257,15.685205142161537,9.258692383484513,10.27626405685695,15.255394571573987,11.838684751920722,27.70828320849852
8.928205411139315,20.714214999589743,21.6508016340068,20.890855072947872,20.681273046419157,24.41258747794335,3.235428734659027,0.0,4.454820408771634,27.595701105204224,12.686507055419892,12.472614399155315,7.270103794810345,14.460369430888798,10.579467555918418,25.113060412237136
9.146340911315344,25.145676892444104,25.029897289845753,24.86844118175845,25.07075629052033,27.128753821847734,2.235261029219674,4.454820408771634,0.0,31.268747889265835,17.133632198346593,8.545506312858958,10.499680585836936,13.559536093128235,10.474636862778507,27.13953078354777
25.087222566064217,14.346605530853353,6.724712236023422,27.13324565436526,12.837983903256399,9.337716531817517,30.799828577955257,27.595701105204224,31.268747889265835,0.0,18.324622989359376,39.80791701835876,20.78147948558168,27.272461777838224,25.316581203123246,14.020144471449479
16.4526051180081,8.060175961757464,14.549877559904298,12.425663041467587,8.229864914273184,19.501381743788734,15.685205142161537,12.686507055419892,17.133632198346593,18.324622989359376,0.0,24.815494853588756,9.842330892551514,21.787208381996614,17.824394444007858,22.516477078033066
16.705950060614747,32.86829250918029,33.56858177787179,30.180761426562068,32.98203543128628,35.479807131929874,9.258692383484513,12.472614399155315,8.545506312858958,39.80791701835876,24.815494853588756,0.0,19.04515249200415,19.48650712375675,17.61676757578857,35.11396278141877
6.630004935729741,16.757651185191463,14.552895095251534,21.386604549703208,16.227941561262256,17.148124602705472,10.27626405685695,7.270103794810345,10.499680585836936,20.78147948558168,9.842330892551514,19.04515249200415,0.0,12.004194462951892,7.985256046110634,18.095720812553374
5.8095039468497935,27.986779144416932,20.599061069190423,33.27977397749259,27.150516566288207,19.75447038572226,15.255394571573987,14.460369430888798,13.559536093128235,27.272461777838224,21.787208381996614,19.48650712375675,12.004194462951892,0.0,4.160813808358234,17.591551138509676
1.6856821023038204,24.39011622782783,18.5967131898805,29.144396340331785,23.670103192170835,18.868551070059443,11.838684751920722,10.579467555918418,10.474636862778507,25.316581203123246,17.824394444007858,17.61676757578857,7.985256046110634,4.160813808358234,0.0,17.706061836225846
18.419091299372553,23.537077366396655,9.926612950089607,34.51029446203802,22.043538945508942,4.761741203431777,27.70828320849852,25.113060412237136,27.13953078354777,14.020144471449479,22.516477078033066,35.11396278141877,18.095720812553374,17.591551138509676,17.706061836225846,0.0
True
0.0,0.0,0.0,0.0,0.0,0.0,0.0,0.0,1.0,0.0,0.0,0.0,0.0,0.0,0.0,0.0
0.0,0.0,0.0,0.0,1.0,0.0,0.0,0.0,0.0,0.0,0.0,0.0,0.0,0.0,0.0,0.0
0.0,0.0,0.0,0.0,0.0,1.0,0.0,0.0,0.0,0.0,0.0,0.0,0.0,0.0,0.0,0.0
0.0,1.0,0.0,0.0,0.0,0.0,0.0,0.0,0.0,0.0,0.0,0.0,0.0,0.0,0.0,0.0
0.0,0.0,0.0,0.0,0.0,0.0,0.0,0.0,0.0,1.0,0.0,0.0,0.0,0.0,0.0,0.0
0.0,0.0,0.0,0.0,0.0,0.0,0.0,0.0,0.0,0.0,0.0,0.0,0.0,0.0,0.0,1.0
0.0,0.0,0.0,0.0,0.0,0.0,0.0,1.0,0.0,0.0,0.0,0.0,0.0,0.0,0.0,0.0
0.0,0.0,0.0,0.0,0.0,0.0,0.0,0.0,0.0,0.0,0.0,0.0,1.0,0.0,0.0,0.0
0.0,0.0,0.0,0.0,0.0,0.0,0.0,0.0,0.0,0.0,0.0,1.0,0.0,0.0,0.0,0.0
0.0,0.0,1.0,0.0,0.0,0.0,0.0,0.0,0.0,0.0,0.0,0.0,0.0,0.0,0.0,0.0
0.0,0.0,0.0,1.0,0.0,0.0,0.0,0.0,0.0,0.0,0.0,0.0,0.0,0.0,0.0,0.0
0.0,0.0,0.0,0.0,0.0,0.0,1.0,0.0,0.0,0.0,0.0,0.0,0.0,0.0,0.0,0.0
0.0,0.0,0.0,0.0,0.0,0.0,0.0,0.0,0.0,0.0,1.0,0.0,0.0,0.0,0.0,0.0
0.0,0.0,0.0,0.0,0.0,0.0,0.0,0.0,0.0,0.0,0.0,0.0,0.0,0.0,1.0,0.0
1.0,0.0,0.0,0.0,0.0,0.0,0.0,0.0,0.0,0.0,0.0,0.0,0.0,0.0,0.0,0.0
0.0,0.0,0.0,0.0,0.0,0.0,0.0,0.0,0.0,0.0,0.0,0.0,0.0,1.0,0.0,0.0
127.44943054333862
GUROBI,0.2944619655609131
