16
32
16.834005966753065,2.43417851360503
18.516461950305242,9.184293408636194
1.8759506931730314,27.123439354466626
4.077024926303924,13.662268367698122
23.557804055504935,2.013450730632254
21.222434330805275,28.147535279360216
23.003398860391734,5.8303565384353035
13.154801332879348,11.218276422321587
27.01339741500937,28.73978097670796
23.564058192425357,29.82844235702583
9.622593534393996,6.730365144317975
31.450886233107614,13.144796191576646
26.934682198074235,18.996753563763303
16.999555630880856,20.186372668895793
26.459921309603835,3.6437609605424264
29.733250229471153,8.660646679781664
0.0,6.956630594814713,28.866988385274578,16.99442752898629,6.736948315496305,26.085149408608455,7.042402562508009,9.52349320406312,28.20646612398725,28.208851349943842,8.39414610520329,18.12099665483726,19.39955032010025,17.75296606256071,9.701615117271398,14.323386763390722
6.956630594814713,0.0,24.46874684499695,15.117857034119808,8.765621195006203,19.15533421195281,5.601918900197454,5.73450010693317,21.32170270678109,21.252273140225775,9.226194195114443,13.527191645763976,12.928681542829686,11.106158329095802,9.684835899549787,11.229004639605142
28.866988385274578,24.46874684499695,0.0,13.639935927810324,33.17550744019984,19.37356966603098,29.996073774227206,19.498376333707487,25.189358624882654,21.85614440250108,21.81485620053614,32.71206622741365,26.343557971078003,16.63869948379131,33.99510124638025,33.42011147203785
16.99442752898629,15.117857034119808,13.639935927810324,0.0,22.69792298476516,22.445222679894627,20.482833622188735,9.401017025664979,27.448289007067356,25.319748161625522,8.877196262635074,27.378751985749535,23.471881651472955,14.476040091946398,24.522735189468033,26.13920649744201
6.736948315496305,8.765621195006203,33.17550744019984,22.69792298476516,0.0,26.238222633233093,3.8569593031310503,13.890690467407996,26.948800602040755,27.814992329507717,14.711878665001187,13.645790487666018,17.31576972333599,19.320085770340267,3.3286928368788105,9.073111342529767
26.085149408608455,19.15533421195281,19.37356966603098,22.445222679894627,26.238222633233093,0.0,22.388128586597762,18.75330657878349,5.821168989871493,2.882473055044035,24.356754362916107,18.15773687588355,10.78733431871014,9.011815279095108,25.05725894268243,21.264355493486477
7.042402562508009,5.601918900197454,29.996073774227206,20.482833622188735,3.8569593031310503,22.388128586597762,0.0,11.226065826196649,23.257725952916374,24.004634174322092,13.411038985213349,11.174125037408553,13.740778700994571,15.56089112687912,4.09007917566004,7.300783638357086
9.52349320406312,5.73450010693317,19.498376333707487,9.401017025664979,13.890690467407996,18.75330657878349,11.226065826196649,0.0,22.339736059698915,21.323482466174042,5.711202988067641,18.397233517507228,15.823710794213078,9.757504081465681,15.310111105924888,16.774577124828838
28.20646612398725,21.32170270678109,25.189358624882654,27.448289007067356,26.948800602040755,5.821168989871493,23.257725952916374,22.339736059698915,0.0,3.6170602253006634,28.050925918712302,16.21403273276652,9.74334538312012,13.169579376643291,25.10212254872157,20.26250807393639
28.208851349943842,21.252273140225775,21.85614440250108,25.319748161625522,27.814992329507717,2.882473055044035,24.004634174322092,21.323482466174042,3.6170602253006634,0.0,26.979355213484094,18.453891348905227,11.344011120478747,11.664570362910087,26.344326961013422,22.048458091746596
8.39414610520329,9.226194195114443,21.81485620053614,8.877196262635074,14.711878665001187,24.356754362916107,13.411038985213349,5.711202988067641,28.050925918712302,26.979355213484094,0.0,22.75124804929941,21.21727359383925,15.345478430941755,17.11790676447192,20.203081436092955
18.12099665483726,13.527191645763976,32.71206622741365,27.378751985749535,13.645790487666018,18.15773687588355,11.174125037408553,18.397233517507228,16.21403273276652,18.453891348905227,22.75124804929941,0.0,7.391989175583358,16.075595026648,10.732166665170576,4.801861127221341
19.39955032010025,12.928681542829686,26.343557971078003,23.471881651472955,17.31576972333599,10.78733431871014,13.740778700994571,15.823710794213078,9.74334538312012,11.344011120478747,21.21727359383925,7.391989175583358,0.0,10.006094818731627,15.360331369334977,10.7082719681305
17.75296606256071,11.106158329095802,16.63869948379131,14.476040091946398,19.320085770340267,9.011815279095108,15.56089112687912,9.757504081465681,13.169579376643291,11.664570362910087,15.345478430941755,16.075595026648,10.006094818731627,0.0,19.056666049141693,17.17525364314334
9.701615117271398,9.684835899549787,33.99510124638025,24.522735189468033,3.3286928368788105,25.05725894268243,4.09007917566004,15.310111105924888,25.10212254872157,26.344326961013422,17.11790676447192,10.732166665170576,15.360331369334977,19.056666049141693,0.0,5.990310888221607
14.323386763390722,11.229004639605142,33.42011147203785,26.13920649744201,9.073111342529767,21.264355493486477,7.300783638357086,16.774577124828838,20.26250807393639,22.048458091746596,20.203081436092955,4.801861127221341,10.7082719681305,17.17525364314334,5.990310888221607,0.0
True
0.0,0.0,0.0,0.0,0.0,0.0,1.0,0.0,0.0,0.0,0.0,0.0,0.0,0.0,0.0,0.0
1.0,0.0,0.0,0.0,0.0,0.0,0.0,0.0,0.0,0.0,0.0,0.0,0.0,0.0,0.0,0.0
0.0,0.0,0.0,1.0,0.0,0.0,0.0,0.0,0.0,0.0,0.0,0.0,0.0,0.0,0.0,0.0
0.0,0.0,0.0,0.0,0.0,0.0,0.0,0.0,0.0,0.0,1.0,0.0,0.0,0.0,0.0,0.0
0.0,0.0,0.0,0.0,0.0,0.0,0.0,0.0,0.0,0.0,0.0,0.0,0.0,0.0,1.0,0.0
0.0,0.0,0.0,0.0,0.0,0.0,0.0,0.0,0.0,0.0,0.0,0.0,0.0,1.0,0.0,0.0
0.0,0.0,0.0,0.0,1.0,0.0,0.0,0.0,0.0,0.0,0.0,0.0,0.0,0.0,0.0,0.0
0.0,1.0,0.0,0.0,0.0,0.0,0.0,0.0,0.0,0.0,0.0,0.0,0.0,0.0,0.0,0.0
0.0,0.0,0.0,0.0,0.0,0.0,0.0,0.0,0.0,1.0,0.0,0.0,0.0,0.0,0.0,0.0
0.0,0.0,0.0,0.0,0.0,1.0,0.0,0.0,0.0,0.0,0.0,0.0,0.0,0.0,0.0,0.0
0.0,0.0,0.0,0.0,0.0,0.0,0.0,1.0,0.0,0.0,0.0,0.0,0.0,0.0,0.0,0.0
0.0,0.0,0.0,0.0,0.0,0.0,0.0,0.0,0.0,0.0,0.0,0.0,1.0,0.0,0.0,0.0
0.0,0.0,0.0,0.0,0.0,0.0,0.0,0.0,1.0,0.0,0.0,0.0,0.0,0.0,0.0,0.0
0.0,0.0,1.0,0.0,0.0,0.0,0.0,0.0,0.0,0.0,0.0,0.0,0.0,0.0,0.0,0.0
0.0,0.0,0.0,0.0,0.0,0.0,0.0,0.0,0.0,0.0,0.0,0.0,0.0,0.0,0.0,1.0
0.0,0.0,0.0,0.0,0.0,0.0,0.0,0.0,0.0,0.0,0.0,1.0,0.0,0.0,0.0,0.0
115.22507520015634
GUROBI,0.3388822078704834
