16
32
29.153732322170832,9.844149459606694
20.77339228761494,18.313999517531432
14.242932722175333,24.077316314131885
1.4401441780798194,3.03897084065569
17.22845358105909,13.884439420340144
5.148012356897286,7.065488227353683
23.06381367610593,30.86986500629342
12.852985543221731,1.6787767682059638
31.1678115710904,4.292799747941082
11.432013800530797,26.099016156429677
19.99991452034215,18.071621034812114
21.563406408400628,19.338233907653912
31.869492104755537,11.998778499015977
24.843946154484186,2.8944808159844584
20.49009597552265,21.411395250364837
14.611247912729091,16.07645379801771
0.0,11.915051787487453,20.61346607002278,28.536878313090412,12.591116551760418,24.165999861267043,21.88990231512861,18.231501768666572,5.90542114011679,24.04745306039133,12.307870200399778,12.155274039852147,3.4666666257617407,8.177539426216743,14.451981522641642,15.82167722352573
11.915051787487453,0.0,8.709920931548034,24.639419302090293,5.673411062832232,19.253090770692644,12.763063437464428,18.424534700130287,17.453881952718913,12.16009194483664,0.8105647323629496,1.2935139724604263,12.767358680034292,15.947757390004435,3.1103242799135398,6.555809190622579
20.61346607002278,8.709920931548034,0.0,24.627695279220905,10.621114544661665,19.29040879050636,11.133133365715196,22.44162487322806,26.036102239166503,3.462446452496587,8.31932781013393,8.720564032567275,21.367888791801853,23.687422939897186,6.79221494302189,8.009335620471495
28.536878313090412,24.639419302090293,24.627695279220905,0.0,19.15450084228577,5.47367597660552,35.244031446739925,11.49361022223312,29.754097122215104,25.131715988320583,23.884003998856464,25.896170746221696,31.721024077376434,23.404247997275586,26.465952508371426,18.53251023073769
12.591116551760418,5.673411062832232,10.621114544661665,19.15450084228577,0.0,13.872099896654413,17.95984715343706,12.966222322937373,16.920557106058574,13.520155286501353,5.021303178512908,6.966756083366953,14.761968912125935,13.370673777388497,8.203253938316472,3.4138969730037014
24.165999861267043,19.253090770692644,19.29040879050636,5.47367597660552,13.872099896654413,0.0,29.793024195993993,9.401237798614181,26.167112040704684,20.04404798364103,18.485506680855437,20.495986153377913,27.173053432024833,20.132737294879277,21.004394256292503,13.067146884490576
21.88990231512861,12.763063437464428,11.133133365715196,35.244031446739925,17.95984715343706,29.793024195993993,0.0,30.925404503144453,27.785161140951327,12.572182272528341,13.159883236193535,11.628832175420397,20.82445385967982,28.0319637598932,9.80238098250172,17.03792484903451
18.231501768666572,18.424534700130287,22.44162487322806,11.49361022223312,12.966222322937373,9.401237798614181,30.925404503144453,0.0,18.500431577930254,24.46154640393119,17.883062851570077,19.690806436216445,21.636311088741074,12.05243015796535,21.158962354463355,14.504640306288
5.90542114011679,17.453881952718913,26.036102239166503,29.754097122215104,16.920557106058574,26.167112040704684,27.785161140951327,18.500431577930254,0.0,29.411099736226504,17.736342367907817,17.84964110516947,7.737859140831033,6.476617144992932,20.175726066623564,20.321769188366886
24.04745306039133,12.16009194483664,3.462446452496587,25.131715988320583,13.520155286501353,20.04404798364103,12.572182272528341,24.46154640393119,29.411099736226504,0.0,11.740868587251683,12.180036649787263,24.829563456315626,26.80168632442729,10.19914910411066,10.5147175791089
12.307870200399778,0.8105647323629496,8.31932781013393,23.884003998856464,5.021303178512908,18.485506680855437,13.159883236193535,17.883062851570077,17.736342367907817,11.740868587251683,0.0,2.0121667559308345,13.332902478342202,15.931422651305336,3.375554720319858,5.746165687724453
12.155274039852147,1.2935139724604263,8.720564032567275,25.896170746221696,6.966756083366953,20.495986153377913,11.628832175420397,19.690806436216445,17.84964110516947,12.180036649787263,2.0121667559308345,0.0,12.652391397518333,16.76779522672622,2.3345220577744987,7.67930447583349
3.4666666257617407,12.767358680034292,21.367888791801853,31.721024077376434,14.761968912125935,27.173053432024833,20.82445385967982,21.636311088741074,7.737859140831033,24.829563456315626,13.332902478342202,12.652391397518333,0.0,11.499849225125834,14.767803166814407,17.733426866674794
8.177539426216743,15.947757390004435,23.687422939897186,23.404247997275586,13.370673777388497,20.132737294879277,28.0319637598932,12.05243015796535,6.476617144992932,26.80168632442729,15.931422651305336,16.76779522672622,11.499849225125834,0.0,19.0218855939943,16.68749606759122
14.451981522641642,3.1103242799135398,6.79221494302189,26.465952508371426,8.203253938316472,21.004394256292503,9.80238098250172,21.158962354463355,20.175726066623564,10.19914910411066,3.375554720319858,2.3345220577744987,14.767803166814407,19.0218855939943,0.0,7.938668329473354
15.82167722352573,6.555809190622579,8.009335620471495,18.53251023073769,3.4138969730037014,13.067146884490576,17.03792484903451,14.504640306288,20.321769188366886,10.5147175791089,5.746165687724453,7.67930447583349,17.733426866674794,16.68749606759122,7.938668329473354,0.0
True
0.0,0.0,0.0,0.0,0.0,0.0,0.0,0.0,0.0,0.0,0.0,0.0,1.0,0.0,0.0,0.0
0.0,0.0,0.0,0.0,0.0,0.0,0.0,0.0,0.0,0.0,0.0,1.0,0.0,0.0,0.0,0.0
0.0,0.0,0.0,0.0,0.0,0.0,0.0,0.0,0.0,0.0,0.0,0.0,0.0,0.0,0.0,1.0
0.0,0.0,0.0,0.0,0.0,0.0,0.0,1.0,0.0,0.0,0.0,0.0,0.0,0.0,0.0,0.0
0.0,0.0,0.0,0.0,0.0,1.0,0.0,0.0,0.0,0.0,0.0,0.0,0.0,0.0,0.0,0.0
0.0,0.0,0.0,1.0,0.0,0.0,0.0,0.0,0.0,0.0,0.0,0.0,0.0,0.0,0.0,0.0
0.0,0.0,0.0,0.0,0.0,0.0,0.0,0.0,0.0,1.0,0.0,0.0,0.0,0.0,0.0,0.0
0.0,0.0,0.0,0.0,0.0,0.0,0.0,0.0,0.0,0.0,0.0,0.0,0.0,1.0,0.0,0.0
1.0,0.0,0.0,0.0,0.0,0.0,0.0,0.0,0.0,0.0,0.0,0.0,0.0,0.0,0.0,0.0
0.0,0.0,1.0,0.0,0.0,0.0,0.0,0.0,0.0,0.0,0.0,0.0,0.0,0.0,0.0,0.0
0.0,1.0,0.0,0.0,0.0,0.0,0.0,0.0,0.0,0.0,0.0,0.0,0.0,0.0,0.0,0.0
0.0,0.0,0.0,0.0,0.0,0.0,0.0,0.0,0.0,0.0,0.0,0.0,0.0,0.0,1.0,0.0
0.0,0.0,0.0,0.0,0.0,0.0,0.0,0.0,0.0,0.0,1.0,0.0,0.0,0.0,0.0,0.0
0.0,0.0,0.0,0.0,0.0,0.0,0.0,0.0,1.0,0.0,0.0,0.0,0.0,0.0,0.0,0.0
0.0,0.0,0.0,0.0,0.0,0.0,1.0,0.0,0.0,0.0,0.0,0.0,0.0,0.0,0.0,0.0
0.0,0.0,0.0,0.0,1.0,0.0,0.0,0.0,0.0,0.0,0.0,0.0,0.0,0.0,0.0,0.0
113.77226670627178
GUROBI,0.32030367851257324
