16
32
9.939477464063707,7.1324547120164254
23.278200507837113,1.9357687603101645
25.569531535425313,4.909853402995825
31.688676838879747,31.53189117121379
25.82881481137701,4.016244000903303
25.072679102824054,17.68202685784584
15.418021935263607,5.256059174780177
9.265718479274302,23.9411754853221
10.27456563913746,6.385040736631403
25.404439992472685,3.2181987832596484
13.142329349977501,26.708743058767606
22.914624576408563,22.57308929431503
16.257142331511506,13.211693100778934
10.65615264076277,23.857485240909728
30.174375367539465,30.35835868349429
23.7318597333391,30.84235729370204
0.0,14.315274266291683,15.787290674860827,32.68577936919828,16.19202922838214,18.44741890616242,5.790967944573265,16.82221879552582,0.819092019052256,15.952631929587712,19.836565368990865,20.168481323368567,8.767555461175482,16.740378415714193,30.804118368432473,27.429715439552858
14.315274266291683,0.0,3.754381086124195,30.76794718333058,3.2915058183365553,15.848179627391726,8.532686307908262,26.08807347685904,13.743745519971581,2.4830467393477633,26.76632473315609,20.640522916853946,13.283136965616395,25.295804905448385,29.24723654701549,28.91014817208147
15.787290674860827,3.754381086124195,0.0,27.316237555293228,0.9304652495909776,12.781833870793236,10.15741136306845,25.06003871447847,15.365941540886041,1.6996913161010232,25.092368249778914,17.86164698770588,12.475621629917203,24.112685920919194,25.861767297107097,25.997534415664802
32.68577936919828,30.76794718333058,27.316237555293228,0.0,28.132700229135203,15.348946789346723,30.905558692529283,23.67293869000302,33.02920291581655,29.00270348401046,19.16323988509521,12.539701917274607,23.953327839614722,22.388916466132574,1.915799427350488,7.986638555691664
16.19202922838214,3.2915058183365553,0.9304652495909776,28.132700229135203,0.0,13.686685585007549,10.48435739445718,25.9102113994714,15.733590349545485,0.9038640142875404,25.998008132421866,18.78427565729385,13.273025209432031,24.977680662698052,26.69814417704067,26.907946316978226
18.44741890616242,15.848179627391726,12.781833870793236,15.348946789346723,13.686685585007549,0.0,15.735853262016605,17.0010866033701,18.61735903685198,14.467632420651562,14.960442860999446,5.345997670820882,9.884208236674073,15.683511133425043,13.664431687097673,13.228457724259055
5.790967944573265,8.532686307908262,10.15741136306845,30.905558692529283,10.48435739445718,15.735853262016605,0.0,19.67191931035347,5.26590372463832,10.192223535062395,21.57304852284489,18.870044603023565,7.999764634281538,19.20126169999237,29.11830021212482,26.903132723960855
16.82221879552582,26.08807347685904,25.06003871447847,23.67293869000302,25.9102113994714,17.0010866033701,19.67191931035347,0.0,17.585097096864406,26.26594935415043,4.763144141892126,13.717299204814811,12.80631874200597,1.3929505427128204,21.871263636792953,16.027961602614027
0.819092019052256,13.743745519971581,15.365941540886041,33.02920291581655,15.733590349545485,18.61735903685198,5.26590372463832,17.585097096864406,0.0,15.457748409951122,20.52503215052331,20.538354511586608,9.077136463723471,17.476610815455473,31.15641828914199,27.915212653866636
15.952631929587712,2.4830467393477633,1.6996913161010232,29.00270348401046,0.9038640142875404,14.467632420651562,10.192223535062395,26.26594935415043,15.457748409951122,0.0,26.49839670184582,19.514378481033212,13.547803629094869,25.36714657365989,27.556134759661376,27.674747661601003
19.836565368990865,26.76632473315609,25.092368249778914,19.16323988509521,25.998008132421866,14.960442860999446,21.57304852284489,4.763144141892126,20.52503215052331,26.49839670184582,0.0,10.611380025800512,13.851801957809487,3.782954635379264,17.41867634903977,11.367713947113158
20.168481323368567,20.640522916853946,17.86164698770588,12.539701917274607,18.78427565729385,5.345997670820882,18.870044603023565,13.717299204814811,20.538354511586608,19.514378481033212,10.611380025800512,0.0,11.487288998430902,12.325575327125481,10.644923720319342,8.309552728481199
8.767555461175482,13.283136965616395,12.475621629917203,23.953327839614722,13.273025209432031,9.884208236674073,7.999764634281538,12.80631874200597,9.077136463723471,13.547803629094869,13.851801957809487,11.487288998430902,0.0,12.029296563255235,22.083874569119054,19.149718538944775
16.740378415714193,25.295804905448385,24.112685920919194,22.388916466132574,24.977680662698052,15.683511133425043,19.20126169999237,1.3929505427128204,17.476610815455473,25.36714657365989,3.782954635379264,12.325575327125481,12.029296563255235,0.0,20.57236918608461,14.824390495555964
30.804118368432473,29.24723654701549,25.861767297107097,1.915799427350488,26.69814417704067,13.664431687097673,29.11830021212482,21.871263636792953,31.15641828914199,27.556134759661376,17.41867634903977,10.644923720319342,22.083874569119054,20.57236918608461,0.0,6.460670425861326
27.429715439552858,28.91014817208147,25.997534415664802,7.986638555691664,26.907946316978226,13.228457724259055,26.903132723960855,16.027961602614027,27.915212653866636,27.674747661601003,11.367713947113158,8.309552728481199,19.149718538944775,14.824390495555964,6.460670425861326,0.0
True
0.0,0.0,0.0,0.0,0.0,0.0,0.0,0.0,1.0,0.0,0.0,0.0,0.0,0.0,0.0,0.0
0.0,0.0,0.0,0.0,0.0,0.0,0.0,0.0,0.0,1.0,0.0,0.0,0.0,0.0,0.0,0.0
0.0,0.0,0.0,0.0,0.0,1.0,0.0,0.0,0.0,0.0,0.0,0.0,0.0,0.0,0.0,0.0
0.0,0.0,0.0,0.0,0.0,0.0,0.0,0.0,0.0,0.0,0.0,0.0,0.0,0.0,0.0,1.0
0.0,0.0,1.0,0.0,0.0,0.0,0.0,0.0,0.0,0.0,0.0,0.0,0.0,0.0,0.0,0.0
0.0,0.0,0.0,0.0,0.0,0.0,0.0,0.0,0.0,0.0,0.0,1.0,0.0,0.0,0.0,0.0
0.0,1.0,0.0,0.0,0.0,0.0,0.0,0.0,0.0,0.0,0.0,0.0,0.0,0.0,0.0,0.0
0.0,0.0,0.0,0.0,0.0,0.0,0.0,0.0,0.0,0.0,0.0,0.0,1.0,0.0,0.0,0.0
0.0,0.0,0.0,0.0,0.0,0.0,1.0,0.0,0.0,0.0,0.0,0.0,0.0,0.0,0.0,0.0
0.0,0.0,0.0,0.0,1.0,0.0,0.0,0.0,0.0,0.0,0.0,0.0,0.0,0.0,0.0,0.0
0.0,0.0,0.0,0.0,0.0,0.0,0.0,0.0,0.0,0.0,0.0,0.0,0.0,1.0,0.0,0.0
0.0,0.0,0.0,0.0,0.0,0.0,0.0,0.0,0.0,0.0,0.0,0.0,0.0,0.0,1.0,0.0
1.0,0.0,0.0,0.0,0.0,0.0,0.0,0.0,0.0,0.0,0.0,0.0,0.0,0.0,0.0,0.0
0.0,0.0,0.0,0.0,0.0,0.0,0.0,1.0,0.0,0.0,0.0,0.0,0.0,0.0,0.0,0.0
0.0,0.0,0.0,1.0,0.0,0.0,0.0,0.0,0.0,0.0,0.0,0.0,0.0,0.0,0.0,0.0
0.0,0.0,0.0,0.0,0.0,0.0,0.0,0.0,0.0,0.0,1.0,0.0,0.0,0.0,0.0,0.0
95.72774462818744
GUROBI,0.4697105884552002
