16
32
15.25777059625415,2.343947220284143
13.086341893284231,21.538788836686805
31.538636817565912,31.973175396276705
19.903295729974673,19.56491719960402
1.846369747663811,8.099112230940296
8.250676799728687,15.854751123730452
20.899665944719942,25.368462560491206
27.49468782623567,22.62086943667414
1.5958915031428589,9.878724442639975
10.346813154263824,11.391080349253095
14.947537302094087,22.580984246850097
3.592102885753974,13.43260024572497
1.1073766126983955,30.24704510758648
6.4544802319775805,5.924200678814632
14.803000970769055,30.445627711046754
10.99975030215807,12.914967356845764
0.0,19.317273288196375,33.8076584107992,17.83655546333612,14.594094594096974,15.219762993906496,23.705680538100363,23.68323706470357,15.60191680997318,10.294081836197325,20.239414821367905,16.09490692891464,31.28604355936089,9.503480208065056,28.10536001934812,11.396367998293377
19.317273288196375,0.0,21.198198292487543,7.096973217594131,17.520327653938807,7.4627033720590585,8.701404114482996,14.448921445854262,16.37032534318175,10.510994494235687,2.1331243805133155,12.484024503514439,14.809771654996723,16.96457934741298,9.070760559188003,8.87266371414617
33.8076584107992,21.198198292487543,0.0,17.010174417091783,38.09988997061363,28.321947016795885,12.522377285342214,10.189168278446408,37.21199752643041,29.54176749453567,19.06509474719853,33.53746689473092,30.480175908775315,36.16301972238066,16.805204822531717,28.01894275248501
17.83655546333612,7.096973217594131,17.010174417091783,0.0,21.38965309466441,12.229017141376906,5.888454157137227,8.183402595157334,20.71191395428443,12.575291967824041,5.801396558501505,17.425852152023698,21.619306929355748,19.155672410534258,12.0167744367863,11.112828357191274
14.594094594096974,17.520327653938807,38.09988997061363,21.38965309466441,0.0,10.058085476495375,25.714948119284898,29.47401656717114,1.797153019363938,9.115623522326793,19.528574151085582,5.611922896234222,22.160258156482538,5.095578720342975,25.83100940254142,10.3429607061568
15.219762993906496,7.4627033720590585,28.321947016795885,12.229017141376906,10.058085476495375,0.0,15.827432883827338,20.39883127566563,8.944219487286759,4.931343062465554,9.491583251212287,5.250630989489587,16.0675095668173,10.09168738363504,15.99458132083159,4.024889280191205
23.705680538100363,8.701404114482996,12.522377285342214,5.888454157137227,25.714948119284898,15.827432883827338,0.0,7.1444790986969835,24.750104942219902,17.513706503652305,6.5725087088102505,21.02418959763111,20.38468259922819,24.222772558046213,7.933910118637297,15.909050019314833
23.68323706470357,14.448921445854262,10.189168278446408,8.183402595157334,29.47401656717114,20.39883127566563,7.1444790986969835,0.0,28.863643395005344,20.497750332990552,12.547213917991265,25.607769476514115,27.467230447274535,26.86017652993289,14.90992143807561,19.138638904228277
15.60191680997318,16.37032534318175,37.21199752643041,20.71191395428443,1.797153019363938,8.944219487286759,24.750104942219902,28.863643395005344,0.0,8.880644691255544,18.42861496896346,4.076137032512426,20.374178106325488,6.2645145569803855,24.44228406965812,9.881868818491808
10.294081836197325,10.510994494235687,29.54176749453567,12.575291967824041,9.115623522326793,4.931343062465554,17.513706503652305,20.497750332990552,8.880644691255544,0.0,12.098785555661571,7.056480305308231,20.997966438994162,6.710963336881429,19.56868378350489,1.6578777189557783
20.239414821367905,2.1331243805133155,19.06509474719853,5.801396558501505,19.528574151085582,9.491583251212287,6.5725087088102505,12.547213917991265,18.42861496896346,12.098785555661571,0.0,14.582140467566608,15.821458119554219,18.697070819479514,7.865971495626214,10.441116066528178
16.09490692891464,12.484024503514439,33.53746689473092,17.425852152023698,5.611922896234222,5.250630989489587,21.02418959763111,25.607769476514115,4.076137032512426,7.056480305308231,14.582140467566608,0.0,16.99704152682441,8.035500490234162,20.37467397060351,7.425711013324428
31.28604355936089,14.809771654996723,30.480175908775315,21.619306929355748,22.160258156482538,16.0675095668173,20.38468259922819,27.467230447274535,20.374178106325488,20.997966438994162,15.821458119554219,16.99704152682441,0.0,24.90365993627335,13.697063977647744,19.956451998530085
9.503480208065056,16.96457934741298,36.16301972238066,19.155672410534258,5.095578720342975,10.09168738363504,24.222772558046213,26.86017652993289,6.2645145569803855,6.710963336881429,18.697070819479514,8.035500490234162,24.90365993627335,0.0,25.903632606704328,8.338483000974996
28.10536001934812,9.070760559188003,16.805204822531717,12.0167744367863,25.83100940254142,15.99458132083159,7.933910118637297,14.90992143807561,24.44228406965812,19.56868378350489,7.865971495626214,20.37467397060351,13.697063977647744,25.903632606704328,0.0,17.93847173263777
11.396367998293377,8.87266371414617,28.01894275248501,11.112828357191274,10.3429607061568,4.024889280191205,15.909050019314833,19.138638904228277,9.881868818491808,1.6578777189557783,10.441116066528178,7.425711013324428,19.956451998530085,8.338483000974996,17.93847173263777,0.0
True
0.0,0.0,0.0,0.0,0.0,0.0,0.0,0.0,0.0,1.0,0.0,0.0,0.0,0.0,0.0,0.0
0.0,0.0,0.0,0.0,0.0,0.0,0.0,0.0,0.0,0.0,1.0,0.0,0.0,0.0,0.0,0.0
0.0,0.0,0.0,0.0,0.0,0.0,1.0,0.0,0.0,0.0,0.0,0.0,0.0,0.0,0.0,0.0
0.0,0.0,0.0,0.0,0.0,0.0,0.0,1.0,0.0,0.0,0.0,0.0,0.0,0.0,0.0,0.0
0.0,0.0,0.0,0.0,0.0,0.0,0.0,0.0,0.0,0.0,0.0,0.0,0.0,1.0,0.0,0.0
0.0,1.0,0.0,0.0,0.0,0.0,0.0,0.0,0.0,0.0,0.0,0.0,0.0,0.0,0.0,0.0
0.0,0.0,0.0,0.0,0.0,0.0,0.0,0.0,0.0,0.0,0.0,0.0,0.0,0.0,1.0,0.0
0.0,0.0,1.0,0.0,0.0,0.0,0.0,0.0,0.0,0.0,0.0,0.0,0.0,0.0,0.0,0.0
0.0,0.0,0.0,0.0,1.0,0.0,0.0,0.0,0.0,0.0,0.0,0.0,0.0,0.0,0.0,0.0
0.0,0.0,0.0,0.0,0.0,0.0,0.0,0.0,0.0,0.0,0.0,0.0,0.0,0.0,0.0,1.0
0.0,0.0,0.0,1.0,0.0,0.0,0.0,0.0,0.0,0.0,0.0,0.0,0.0,0.0,0.0,0.0
0.0,0.0,0.0,0.0,0.0,0.0,0.0,0.0,1.0,0.0,0.0,0.0,0.0,0.0,0.0,0.0
0.0,0.0,0.0,0.0,0.0,0.0,0.0,0.0,0.0,0.0,0.0,1.0,0.0,0.0,0.0,0.0
1.0,0.0,0.0,0.0,0.0,0.0,0.0,0.0,0.0,0.0,0.0,0.0,0.0,0.0,0.0,0.0
0.0,0.0,0.0,0.0,0.0,0.0,0.0,0.0,0.0,0.0,0.0,0.0,1.0,0.0,0.0,0.0
0.0,0.0,0.0,0.0,0.0,1.0,0.0,0.0,0.0,0.0,0.0,0.0,0.0,0.0,0.0,0.0
121.36938590875798
GUROBI,4.668166160583496
