16
32
2.781675913321596,28.57205892954568
10.72992574087635,10.724424860541827
1.1816854694739938,16.909577490000782
18.707252289108055,7.897244521658088
30.17400515636724,3.306857171492023
15.93441868225798,21.266814607099874
9.15669038981699,1.2408610817933052
29.985640820307935,20.293318392660538
10.925864261673478,29.39158254799425
24.42539378772193,20.423581380431553
23.5899461951341,27.87624928647528
12.316225119739858,14.240580376221121
14.430518413333893,8.958491849202375
14.158696114980373,17.75224529465041
11.412617001620923,6.32681218825617
2.7365719545964566,30.47967532708894
0.0,19.537469569580683,11.771722165772216,26.097354917723063,37.26486443333145,15.045306143659392,28.064838951408753,28.435774150488847,8.185317514588276,23.126785548256667,20.819900652509155,17.213335124083677,22.812004410073644,15.70047629095428,23.860933482379625,1.9081495453104846
19.537469569580683,0.0,11.376511122929243,8.463491450086845,20.81087539575287,11.757071418734492,9.613170726426002,21.502239107806243,18.668185986649753,16.782117930091175,21.43747203431354,3.857420813163204,4.10035431737123,7.819637225115216,4.4502881449344835,21.311115075205358
11.771722165772216,11.376511122929243,0.0,19.70704538691011,32.02481226940431,15.382738785476588,17.581506686297544,29.002026590381025,15.835070906128736,23.507832731363198,24.947906506173027,11.449957153487818,15.45158041242442,13.004341364428223,14.719608739612886,13.658888215728293
26.097354917723063,8.463491450086845,19.70704538691011,0.0,12.351440294288006,13.654084022035939,11.641334678235838,16.759018326741295,22.859496206694995,13.769758795913486,20.566996163089346,9.004617595622115,4.40643830484601,10.854050096847459,7.461766660198285,27.659154206685855
37.26486443333145,20.81087539575287,32.02481226940431,12.351440294288006,0.0,22.91998896252965,21.11861406056045,16.987505583262095,32.41764682807069,18.056267064723393,25.436290242580498,20.9391167663347,16.72717398003515,21.567553447709674,19.002889617011785,38.615732379676174
15.045306143659392,11.757071418734492,15.382738785476588,13.654084022035939,22.91998896252965,0.0,21.14181674794987,14.084904630573572,9.544499540433831,8.532742848355738,10.113937328327355,7.903119138860297,12.399859883540922,3.937688165402445,15.609303722910509,16.095339725919533
28.064838951408753,9.613170726426002,17.581506686297544,11.641334678235838,21.11861406056045,21.14181674794987,0.0,28.228377665361272,28.20625985940863,24.517545992798336,30.294599815079778,13.378167342484081,9.347464184670155,17.252416349577068,5.563820947440348,29.93536669548515
28.435774150488847,21.502239107806243,29.002026590381025,16.759018326741295,16.987505583262095,14.084904630573572,28.228377665361272,0.0,21.11997852994415,5.561772694866675,9.919967272065342,18.677363001642725,19.246821188607477,16.02963602814883,23.238341363513463,29.09078241718267
8.185317514588276,18.668185986649753,15.835070906128736,22.859496206694995,32.41764682807069,9.544499540433831,28.20625985940863,21.11997852994415,0.0,16.20686096583974,12.754419081670065,15.21466299740869,20.731468742658,12.079957511880306,23.06990593776443,8.26126227562525
23.126785548256667,16.782117930091175,23.507832731363198,13.769758795913486,18.056267064723393,8.532742848355738,24.517545992798336,5.561772694866675,16.20686096583974,0.0,7.499348744906785,13.59637698976113,15.210056269082285,10.608539842347458,19.184662137821302,23.906693999235017
20.819900652509155,21.43747203431354,24.947906506173027,20.566996163089346,25.436290242580498,10.113937328327355,30.294599815079778,9.919967272065342,12.754419081670065,7.499348744906785,0.0,17.69260448650396,21.018483859344084,13.836326640437683,24.75208244849896,21.01525741847728
17.213335124083677,3.857420813163204,11.449957153487818,9.004617595622115,20.9391167663347,7.903119138860297,13.378167342484081,18.677363001642725,15.21466299740869,13.59637698976113,17.69260448650396,0.0,5.689525053868713,3.9656638621584612,7.965188922051787,18.854123145554734
22.812004410073644,4.10035431737123,15.45158041242442,4.40643830484601,16.72717398003515,12.399859883540922,9.347464184670155,19.246821188607477,20.731468742658,15.210056269082285,21.018483859344084,5.689525053868713,0.0,8.797953570075906,4.004181160818908,24.493054567952026
15.70047629095428,7.819637225115216,13.004341364428223,10.854050096847459,21.567553447709674,3.937688165402445,17.252416349577068,16.02963602814883,12.079957511880306,10.608539842347458,13.836326640437683,3.9656638621584612,8.797953570075906,0.0,11.750807298459055,17.101239591498747
23.860933482379625,4.4502881449344835,14.719608739612886,7.461766660198285,19.002889617011785,15.609303722910509,5.563820947440348,23.238341363513463,23.06990593776443,19.184662137821302,24.75208244849896,7.965188922051787,4.004181160818908,11.750807298459055,0.0,25.663876469878524
1.9081495453104846,21.311115075205358,13.658888215728293,27.659154206685855,38.615732379676174,16.095339725919533,29.93536669548515,29.09078241718267,8.26126227562525,23.906693999235017,21.01525741847728,18.854123145554734,24.493054567952026,17.101239591498747,25.663876469878524,0.0
True
0.0,0.0,1.0,0.0,0.0,0.0,0.0,0.0,0.0,0.0,0.0,0.0,0.0,0.0,0.0,0.0
0.0,0.0,0.0,0.0,0.0,0.0,1.0,0.0,0.0,0.0,0.0,0.0,0.0,0.0,0.0,0.0
0.0,0.0,0.0,0.0,0.0,1.0,0.0,0.0,0.0,0.0,0.0,0.0,0.0,0.0,0.0,0.0
0.0,0.0,0.0,0.0,1.0,0.0,0.0,0.0,0.0,0.0,0.0,0.0,0.0,0.0,0.0,0.0
0.0,0.0,0.0,0.0,0.0,0.0,0.0,1.0,0.0,0.0,0.0,0.0,0.0,0.0,0.0,0.0
0.0,0.0,0.0,0.0,0.0,0.0,0.0,0.0,0.0,0.0,0.0,0.0,0.0,1.0,0.0,0.0
0.0,0.0,0.0,0.0,0.0,0.0,0.0,0.0,0.0,0.0,0.0,0.0,0.0,0.0,1.0,0.0
0.0,0.0,0.0,0.0,0.0,0.0,0.0,0.0,0.0,1.0,0.0,0.0,0.0,0.0,0.0,0.0
0.0,0.0,0.0,0.0,0.0,0.0,0.0,0.0,0.0,0.0,0.0,0.0,0.0,0.0,0.0,1.0
0.0,0.0,0.0,0.0,0.0,0.0,0.0,0.0,0.0,0.0,1.0,0.0,0.0,0.0,0.0,0.0
0.0,0.0,0.0,0.0,0.0,0.0,0.0,0.0,1.0,0.0,0.0,0.0,0.0,0.0,0.0,0.0
0.0,1.0,0.0,0.0,0.0,0.0,0.0,0.0,0.0,0.0,0.0,0.0,0.0,0.0,0.0,0.0
0.0,0.0,0.0,1.0,0.0,0.0,0.0,0.0,0.0,0.0,0.0,0.0,0.0,0.0,0.0,0.0
0.0,0.0,0.0,0.0,0.0,0.0,0.0,0.0,0.0,0.0,0.0,1.0,0.0,0.0,0.0,0.0
0.0,0.0,0.0,0.0,0.0,0.0,0.0,0.0,0.0,0.0,0.0,0.0,1.0,0.0,0.0,0.0
1.0,0.0,0.0,0.0,0.0,0.0,0.0,0.0,0.0,0.0,0.0,0.0,0.0,0.0,0.0,0.0
127.82674315143353
GUROBI,0.38722801208496094
