16
32
15.287685604436891,20.03993010496829
31.55532580890168,8.70207886848922
22.803846543052778,21.12534810244726
13.825190885288507,23.250668459310358
12.888726603065997,31.215783329938095
14.667378928292692,7.568735630826485
25.046197397359332,26.64894431756391
12.213291482125108,23.456404736917612
29.722305012362323,19.055657274233205
28.336750390066626,8.408802280288079
8.246329093699515,28.996582350202523
18.939993475564496,19.452707541832805
26.9779630483913,2.425732791001913
10.829629171349978,29.243841610002274
17.228405270133553,2.7201441089063145
21.895888453587176,31.542907768590002
0.0,19.828842338433404,7.594129804291372,3.528134292169182,11.430428670716005,12.486611709520487,11.785907740810517,4.596106844935016,14.46813845859172,17.48030967270352,11.393082153366713,3.699213852179414,21.140542418111448,10.226742108466635,17.428177752427423,13.266003166941353
19.828842338433404,0.0,15.196249793945597,22.93510722651361,29.24566317402921,16.925933260432842,19.090802291290398,24.327030721606338,10.514587535630389,3.231909479536231,30.90592498920844,16.574758723814348,7.768189617001991,29.180790216175364,15.52559807518159,24.799358759147875
7.594129804291372,15.196249793945597,0.0,9.226767800264568,14.146606890152546,15.810877488354135,5.96139685824223,10.844062040197342,7.221404829806618,13.868077106339392,16.549249012304458,4.210354732341592,19.159824148362652,14.466921527989362,19.231148676863445,10.457052036299244
3.528134292169182,22.93510722651361,9.226767800264568,0.0,8.019976325038225,15.704531127571412,11.724302365289152,1.6249760311592938,16.44130032607313,20.75732041802895,8.008696855993431,6.370691694642027,24.63074016678502,6.700113013687814,20.81067750583218,11.571404063522483
11.430428670716005,29.24566317402921,14.146606890152546,8.019976325038225,0.0,23.71384551223386,12.986920908323043,7.788720610756618,20.76627139745025,27.546321415441884,5.145552217540061,13.228294778954188,32.05266905651981,2.8510412799752562,28.82419583524588,9.013100188051137
12.486611709520487,16.925933260432842,15.810877488354135,15.704531127571412,23.71384551223386,0.0,21.72036455364617,16.07608704934381,18.936741225421176,13.695160756102768,22.369231010640565,12.628698406848818,13.34170002617611,22.012236197292992,5.483401833719551,25.0402132508569
11.785907740810517,19.090802291290398,5.96139685824223,11.724302365289152,12.986920908323043,21.72036455364617,0.0,13.224060768283197,8.917622471797229,18.534576351721984,16.96310641812416,9.437772516167545,24.300117184718946,14.451446435671507,25.1735049838191,5.820251257565266
4.596106844935016,24.327030721606338,10.844062040197342,1.6249760311592938,7.788720610756618,16.07608704934381,13.224060768283197,0.0,18.0535905855969,22.054393368416232,6.813982578340406,7.828033657213758,25.696005311262585,5.950541735858975,21.334101132681543,12.61523742911774
14.46813845859172,10.514587535630389,7.221404829806618,16.44130032607313,20.76627139745025,18.936741225421176,8.917622471797229,18.0535905855969,0.0,10.736632753031058,23.665154405264726,10.789619594386284,16.85484503438664,21.464675643791633,20.565663644614833,14.73717140635488
17.48030967270352,3.231909479536231,13.868077106339392,20.75732041802895,27.546321415441884,13.695160756102768,18.534576351721984,22.054393368416232,10.736632753031058,0.0,28.765981924361416,14.500582193009317,6.135423665365264,27.213933145313195,12.480230891068059,24.013986325237028
11.393082153366713,30.90592498920844,16.549249012304458,8.008696855993431,5.145552217540061,22.369231010640565,16.96310641812416,6.813982578340406,23.665154405264726,28.765981924361416,0.0,14.333178442683321,32.50975479621822,2.5951062469089026,27.769207750454775,13.885036689019696
3.699213852179414,16.574758723814348,4.210354732341592,6.370691694642027,13.228294778954188,12.628698406848818,9.437772516167545,7.828033657213758,10.789619594386284,14.500582193009317,14.333178442683321,0.0,18.828882707668086,12.713941776174131,16.819875541212514,12.446294896240385
21.140542418111448,7.768189617001991,19.159824148362652,24.63074016678502,32.05266905651981,13.34170002617611,24.300117184718946,25.696005311262585,16.85484503438664,6.135423665365264,32.50975479621822,18.828882707668086,0.0,31.3046266170377,9.754001993832906,29.55735713595915
10.226742108466635,29.180790216175364,14.466921527989362,6.700113013687814,2.8510412799752562,22.012236197292992,14.451446435671507,5.950541735858975,21.464675643791633,27.213933145313195,2.5951062469089026,12.713941776174131,31.3046266170377,0.0,27.284626893032787,11.302557219641237
17.428177752427423,15.52559807518159,19.231148676863445,20.81067750583218,28.82419583524588,5.483401833719551,25.1735049838191,21.334101132681543,20.565663644614833,12.480230891068059,27.769207750454775,16.819875541212514,9.754001993832906,27.284626893032787,0.0,29.19823803330956
13.266003166941353,24.799358759147875,10.457052036299244,11.571404063522483,9.013100188051137,25.0402132508569,5.820251257565266,12.61523742911774,14.73717140635488,24.013986325237028,13.885036689019696,12.446294896240385,29.55735713595915,11.302557219641237,29.19823803330956,0.0
True
0.0,0.0,0.0,0.0,0.0,0.0,0.0,0.0,0.0,0.0,0.0,1.0,0.0,0.0,0.0,0.0
0.0,0.0,0.0,0.0,0.0,0.0,0.0,0.0,1.0,0.0,0.0,0.0,0.0,0.0,0.0,0.0
0.0,0.0,0.0,0.0,0.0,0.0,1.0,0.0,0.0,0.0,0.0,0.0,0.0,0.0,0.0,0.0
1.0,0.0,0.0,0.0,0.0,0.0,0.0,0.0,0.0,0.0,0.0,0.0,0.0,0.0,0.0,0.0
0.0,0.0,0.0,0.0,0.0,0.0,0.0,0.0,0.0,0.0,0.0,0.0,0.0,1.0,0.0,0.0
0.0,0.0,0.0,0.0,0.0,0.0,0.0,0.0,0.0,0.0,0.0,0.0,0.0,0.0,1.0,0.0
0.0,0.0,0.0,0.0,0.0,0.0,0.0,0.0,0.0,0.0,0.0,0.0,0.0,0.0,0.0,1.0
0.0,0.0,0.0,1.0,0.0,0.0,0.0,0.0,0.0,0.0,0.0,0.0,0.0,0.0,0.0,0.0
0.0,0.0,1.0,0.0,0.0,0.0,0.0,0.0,0.0,0.0,0.0,0.0,0.0,0.0,0.0,0.0
0.0,1.0,0.0,0.0,0.0,0.0,0.0,0.0,0.0,0.0,0.0,0.0,0.0,0.0,0.0,0.0
0.0,0.0,0.0,0.0,0.0,0.0,0.0,1.0,0.0,0.0,0.0,0.0,0.0,0.0,0.0,0.0
0.0,0.0,0.0,0.0,0.0,1.0,0.0,0.0,0.0,0.0,0.0,0.0,0.0,0.0,0.0,0.0
0.0,0.0,0.0,0.0,0.0,0.0,0.0,0.0,0.0,1.0,0.0,0.0,0.0,0.0,0.0,0.0
0.0,0.0,0.0,0.0,0.0,0.0,0.0,0.0,0.0,0.0,1.0,0.0,0.0,0.0,0.0,0.0
0.0,0.0,0.0,0.0,0.0,0.0,0.0,0.0,0.0,0.0,0.0,0.0,1.0,0.0,0.0,0.0
0.0,0.0,0.0,0.0,1.0,0.0,0.0,0.0,0.0,0.0,0.0,0.0,0.0,0.0,0.0,0.0
96.87663032933087
GUROBI,0.21532535552978516
