16
32
14.521740235627295,18.304079567100864
12.503741764401902,8.573007514570179
13.223549935181502,15.800869343255485
0.5980486374124716,16.406775739366218
5.705447004349498,8.956424535148969
19.14494432319176,25.96199479621604
5.203226464305491,29.928550159312454
9.708893021324009,3.2507217225710434
11.6624393381685,19.613300343096384
2.8615057434560605,22.69175064977571
11.834599143137854,13.208182892211223
29.226243337430976,2.74856380512297
22.84597987776941,15.139495376935763
21.471773878147857,14.360963866021489
2.7612756995715664,26.0992335439239
4.72923179594024,30.989021181663254
0.0,9.938112553267436,2.8198155047689855,14.052364553232122,12.849345545055993,8.945260291997483,14.898423254005982,15.804021029589096,3.1447830867179025,12.45843994817011,5.760979966298845,21.40552456942125,8.905479140195276,7.990690149434298,14.109321444570057,16.02501061797461
9.938112553267436,0.0,7.263615519649093,14.25178772764552,6.8090983438503425,18.61403905948729,22.568932746108036,6.011481144310439,11.072301274441251,17.097123243444752,4.683225664975147,17.707800636569157,12.250740877195389,10.673614135778205,20.052038396541302,23.725949379803822
2.8198155047689855,7.263615519649093,0.0,12.640031866289554,10.167020035870934,11.760585953478772,16.245521038669974,13.032997296213086,4.119671883130278,12.444123312303718,2.9412934801116273,20.650638633881606,9.64513211539053,8.372963991125957,14.680445749047143,17.40210897900517
14.052364553232122,14.25178772764552,12.640031866289554,0.0,9.032898269369163,20.86359390909352,14.284468708398625,16.00278859076395,11.519658919139204,6.680130814241291,11.682938991092458,31.719399190761358,22.28399524305846,20.973739572304023,9.930925919348539,15.156139232294489
12.849345545055993,6.8090983438503425,10.167020035870934,9.032898269369163,0.0,21.67508957506882,20.97813811248598,6.970123714561222,12.208798452394618,14.026659808042664,7.4594875874461115,24.326228540110733,18.221641863985326,16.66691658557168,17.393793300577443,22.054213001626742
8.945260291997483,18.61403905948729,11.760585953478772,20.86359390909352,21.67508957506882,0.0,14.495001148854637,24.5935151777283,9.812940543484924,16.60857816784303,14.700369544139777,25.30802181508347,11.437838863026958,11.83207735020135,16.3842434076911,15.26708098977466
14.898423254005982,22.568932746108036,16.245521038669974,14.284468708398625,20.97813811248598,14.495001148854637,0.0,27.05563825200292,12.17069470986859,7.606242375554887,17.987378495831866,36.274743250647525,23.021357244185925,22.51700197529631,4.541672519928692,1.1615807052824332
15.804021029589096,6.011481144310439,13.032997296213086,16.00278859076395,6.970123714561222,24.5935151777283,27.05563825200292,0.0,16.478784006258763,20.61165491370153,10.181829868015317,19.523809206599427,17.717956712852278,16.18032281933631,23.881454706529414,28.181736688888886
3.1447830867179025,11.072301274441251,4.119671883130278,11.519658919139204,12.208798452394618,9.812940543484924,12.17069470986859,16.478784006258763,0.0,9.32380225172285,6.407430729869868,24.349672470482307,12.045186170256583,11.126997914336263,11.01353910451481,13.322026550814835
12.45843994817011,17.097123243444752,12.444123312303718,6.680130814241291,14.026659808042664,16.60857816784303,7.606242375554887,20.61165491370153,9.32380225172285,0.0,13.055821022506768,33.05798072961935,21.363889302539885,20.38980354200351,3.4089566931261572,8.50488676505793
5.760979966298845,4.683225664975147,2.9412934801116273,11.682938991092458,7.4594875874461115,14.700369544139777,17.987378495831866,10.181829868015317,6.407430729869868,13.055821022506768,0.0,20.294652478617873,11.17946660608939,9.70587661402586,15.764021860445116,19.1479621739303
21.40552456942125,17.707800636569157,20.650638633881606,31.719399190761358,24.326228540110733,25.30802181508347,36.274743250647525,19.523809206599427,24.349672470482307,33.05798072961935,20.294652478617873,0.0,13.93710683865341,13.963510725075931,35.2937429202897,37.38484997027698
8.905479140195276,12.250740877195389,9.64513211539053,22.28399524305846,18.221641863985326,11.437838863026958,23.021357244185925,17.717956712852278,12.045186170256583,21.363889302539885,11.17946660608939,13.93710683865341,0.0,1.5794155383819453,22.88036718705918,24.071228246501743
7.990690149434298,10.673614135778205,8.372963991125957,20.973739572304023,16.66691658557168,11.83207735020135,22.51700197529631,16.18032281933631,11.126997914336263,20.38980354200351,9.70587661402586,13.963510725075931,1.5794155383819453,0.0,22.087773023138162,23.596715989026112
14.109321444570057,20.052038396541302,14.680445749047143,9.930925919348539,17.393793300577443,16.3842434076911,4.541672519928692,23.881454706529414,11.01353910451481,3.4089566931261572,15.764021860445116,35.2937429202897,22.88036718705918,22.087773023138162,0.0,5.270946247062593
16.02501061797461,23.725949379803822,17.40210897900517,15.156139232294489,22.054213001626742,15.26708098977466,1.1615807052824332,28.181736688888886,13.322026550814835,8.50488676505793,19.1479621739303,37.38484997027698,24.071228246501743,23.596715989026112,5.270946247062593,0.0
True
0.0,0.0,1.0,0.0,0.0,0.0,0.0,0.0,0.0,0.0,0.0,0.0,0.0,0.0,0.0,0.0
0.0,0.0,0.0,0.0,0.0,0.0,0.0,1.0,0.0,0.0,0.0,0.0,0.0,0.0,0.0,0.0
0.0,0.0,0.0,0.0,0.0,0.0,0.0,0.0,0.0,0.0,1.0,0.0,0.0,0.0,0.0,0.0
0.0,0.0,0.0,0.0,0.0,0.0,0.0,0.0,0.0,1.0,0.0,0.0,0.0,0.0,0.0,0.0
0.0,0.0,0.0,1.0,0.0,0.0,0.0,0.0,0.0,0.0,0.0,0.0,0.0,0.0,0.0,0.0
0.0,0.0,0.0,0.0,0.0,0.0,0.0,0.0,1.0,0.0,0.0,0.0,0.0,0.0,0.0,0.0
0.0,0.0,0.0,0.0,0.0,1.0,0.0,0.0,0.0,0.0,0.0,0.0,0.0,0.0,0.0,0.0
0.0,0.0,0.0,0.0,1.0,0.0,0.0,0.0,0.0,0.0,0.0,0.0,0.0,0.0,0.0,0.0
1.0,0.0,0.0,0.0,0.0,0.0,0.0,0.0,0.0,0.0,0.0,0.0,0.0,0.0,0.0,0.0
0.0,0.0,0.0,0.0,0.0,0.0,0.0,0.0,0.0,0.0,0.0,0.0,0.0,0.0,1.0,0.0
0.0,0.0,0.0,0.0,0.0,0.0,0.0,0.0,0.0,0.0,0.0,0.0,0.0,1.0,0.0,0.0
0.0,1.0,0.0,0.0,0.0,0.0,0.0,0.0,0.0,0.0,0.0,0.0,0.0,0.0,0.0,0.0
0.0,0.0,0.0,0.0,0.0,0.0,0.0,0.0,0.0,0.0,0.0,1.0,0.0,0.0,0.0,0.0
0.0,0.0,0.0,0.0,0.0,0.0,0.0,0.0,0.0,0.0,0.0,0.0,1.0,0.0,0.0,0.0
0.0,0.0,0.0,0.0,0.0,0.0,0.0,0.0,0.0,0.0,0.0,0.0,0.0,0.0,0.0,1.0
0.0,0.0,0.0,0.0,0.0,0.0,1.0,0.0,0.0,0.0,0.0,0.0,0.0,0.0,0.0,0.0
114.68015097952176
GUROBI,0.49530577659606934
