16
32
5.808979679453806,0.6310490188658129
6.780759044421277,8.821513883736547
18.897191272269872,15.726297684531001
0.5305056791540608,8.846467144753237
22.499168160214456,7.916948889203443
4.629748733439438,16.229936424307567
26.89995467670776,22.83079541987998
16.99636923012695,14.5672491011394
8.114328399789912,25.423079390358186
21.846143839482824,22.481874253982472
31.648747616771605,15.53360809762432
11.345259157424163,16.37109104644947
14.376003147287957,28.868693520263196
15.164858977376134,22.778211159571722
22.437751555541602,9.075627346553123
11.295524182041419,12.616772842876312
0.0,8.247913059487141,19.979184542332842,9.765008077569627,18.21117043036777,15.643397134627994,30.621201259978893,17.871076008222698,24.89898396849469,27.104412883354073,29.82917823457972,16.685302319355667,29.508616675230964,24.042239253530624,18.65011949665242,13.181796014364933
8.247913059487141,0.0,13.945750939542897,6.250303176268295,15.744415611917287,7.714374238886196,24.516157978956347,11.720587214589415,16.655040813406245,20.33645161940148,25.75789324402623,8.822175276957486,21.437750450112528,16.281355303999685,15.659054509939692,5.8980585631884725
19.979184542332842,13.945750939542897,0.0,19.61293470983949,8.600009657458004,14.276328960171517,10.70131347914774,2.2263238880626677,14.501644981765743,7.371169244386779,12.753012133762937,7.579408759712865,13.898334805455955,7.978708417968891,7.534386707884059,8.213068080293134
9.765008077569627,6.250303176268295,19.61293470983949,0.0,21.988318157470594,8.445082132237049,29.848103419498788,17.431351315138222,18.229054846567678,25.303769624632668,31.828648029906404,13.174932928016503,24.343117080034528,20.205390066801826,21.90844440590404,11.406175012895712
18.21117043036777,15.744415611917287,8.600009657458004,21.988318157470594,0.0,19.70842237239706,15.54958971498354,8.631760479406715,22.65807185213586,14.579557319927465,11.904969623189936,13.995792426920701,22.471346486411854,16.572543783563773,1.1603050318152446,12.149484910282009
15.643397134627994,7.714374238886196,14.276328960171517,8.445082132237049,19.70842237239706,0.0,23.2278585374333,12.477893718240903,9.83138713739771,18.3164130515097,27.0279702122828,6.716993738421938,15.960189724123913,12.404372207427459,19.19138095323102,7.58205205715221
30.621201259978893,24.516157978956347,10.70131347914774,29.848103419498788,15.54958971498354,23.2278585374333,0.0,12.89834107394041,18.963641285355106,5.06584148572214,8.706318234689617,16.842693765836227,13.903437538316483,11.735213512199248,14.460840411954468,18.650053840844897
17.871076008222698,11.720587214589415,2.2263238880626677,17.431351315138222,8.631760479406715,12.477893718240903,12.89834107394041,0.0,14.026392999630884,9.282327567564568,14.684210639169502,5.932022489628888,14.539519623473815,8.412747929835204,7.730882944837559,6.025279404005202
24.89898396849469,16.655040813406245,14.501644981765743,18.229054846567678,22.65807185213586,9.83138713739771,18.963641285355106,14.026392999630884,0.0,14.043270378513387,25.527838340338267,9.611316587174011,7.147085236350254,7.5302927820704175,21.734756479501446,13.195510372588545
27.104412883354073,20.33645161940148,7.371169244386779,25.303769624632668,14.579557319927465,18.3164130515097,5.06584148572214,9.282327567564568,14.043270378513387,0.0,12.015383614105225,12.14949589552429,9.828248180694272,6.6878533903062065,13.419294162982615,14.444230717050933
29.82917823457972,25.75789324402623,12.753012133762937,31.828648029906404,11.904969623189936,27.0279702122828,8.706318234689617,14.684210639169502,25.527838340338267,12.015383614105225,0.0,20.320753463108293,21.821370367993705,18.00563406829009,11.249353929057468,20.561168062330285
16.685302319355667,8.822175276957486,7.579408759712865,13.174932928016503,13.995792426920701,6.716993738421938,16.842693765836227,5.932022489628888,9.611316587174011,12.14949589552429,20.320753463108293,0.0,12.859839685064914,7.4592580682366,13.276564999983938,3.7546476188128652
29.508616675230964,21.437750450112528,13.898334805455955,24.343117080034528,22.471346486411854,15.960189724123913,13.903437538316483,14.539519623473815,7.147085236350254,9.828248180694272,21.821370367993705,12.859839685064914,0.0,6.141357252803171,21.371880028552614,16.54129004519907
24.042239253530624,16.281355303999685,7.978708417968891,20.205390066801826,16.572543783563773,12.404372207427459,11.735213512199248,8.412747929835204,7.5302927820704175,6.6878533903062065,18.00563406829009,7.4592580682366,6.141357252803171,0.0,15.51308381999961,10.873204698817805
18.65011949665242,15.659054509939692,7.534386707884059,21.90844440590404,1.1603050318152446,19.19138095323102,14.460840411954468,7.730882944837559,21.734756479501446,13.419294162982615,11.249353929057468,13.276564999983938,21.371880028552614,15.51308381999961,0.0,11.691404631989554
13.181796014364933,5.8980585631884725,8.213068080293134,11.406175012895712,12.149484910282009,7.58205205715221,18.650053840844897,6.025279404005202,13.195510372588545,14.444230717050933,20.561168062330285,3.7546476188128652,16.54129004519907,10.873204698817805,11.691404631989554,0.0
True
0.0,1.0,0.0,0.0,0.0,0.0,0.0,0.0,0.0,0.0,0.0,0.0,0.0,0.0,0.0,0.0
0.0,0.0,0.0,0.0,0.0,0.0,0.0,0.0,0.0,0.0,0.0,0.0,0.0,0.0,0.0,1.0
0.0,0.0,0.0,0.0,0.0,0.0,0.0,0.0,0.0,0.0,0.0,0.0,0.0,0.0,1.0,0.0
1.0,0.0,0.0,0.0,0.0,0.0,0.0,0.0,0.0,0.0,0.0,0.0,0.0,0.0,0.0,0.0
0.0,0.0,0.0,0.0,0.0,0.0,0.0,0.0,0.0,0.0,1.0,0.0,0.0,0.0,0.0,0.0
0.0,0.0,0.0,1.0,0.0,0.0,0.0,0.0,0.0,0.0,0.0,0.0,0.0,0.0,0.0,0.0
0.0,0.0,0.0,0.0,0.0,0.0,0.0,0.0,0.0,1.0,0.0,0.0,0.0,0.0,0.0,0.0
0.0,0.0,1.0,0.0,0.0,0.0,0.0,0.0,0.0,0.0,0.0,0.0,0.0,0.0,0.0,0.0
0.0,0.0,0.0,0.0,0.0,1.0,0.0,0.0,0.0,0.0,0.0,0.0,0.0,0.0,0.0,0.0
0.0,0.0,0.0,0.0,0.0,0.0,0.0,0.0,0.0,0.0,0.0,0.0,0.0,1.0,0.0,0.0
0.0,0.0,0.0,0.0,0.0,0.0,1.0,0.0,0.0,0.0,0.0,0.0,0.0,0.0,0.0,0.0
0.0,0.0,0.0,0.0,0.0,0.0,0.0,1.0,0.0,0.0,0.0,0.0,0.0,0.0,0.0,0.0
0.0,0.0,0.0,0.0,0.0,0.0,0.0,0.0,1.0,0.0,0.0,0.0,0.0,0.0,0.0,0.0
0.0,0.0,0.0,0.0,0.0,0.0,0.0,0.0,0.0,0.0,0.0,0.0,1.0,0.0,0.0,0.0
0.0,0.0,0.0,0.0,1.0,0.0,0.0,0.0,0.0,0.0,0.0,0.0,0.0,0.0,0.0,0.0
0.0,0.0,0.0,0.0,0.0,0.0,0.0,0.0,0.0,0.0,0.0,1.0,0.0,0.0,0.0,0.0
108.44855992914505
GUROBI,2.1565966606140137
