16
32
3.7536302383395785,28.157621787024325
5.165164487224647,24.459257145661955
1.1069505610669914,14.176742069549366
21.512336026678305,11.15905165929425
2.2535298868002727,26.705631880856796
19.161271448800843,24.32203029158799
8.813910074190254,6.387611498996119
26.572100088456875,28.18108519783249
0.529192241243571,23.405675199929874
4.195026510146448,13.571344545666168
12.47547211048775,19.568077393769762
15.136304624234185,8.006669753395325
28.135725867051054,7.40095775035671
5.847246590163717,12.486954301341601
8.828695823780453,17.33764298717062
0.8219545541041384,29.296709369271827
0.0,3.9585767589191643,14.229192211386787,24.582982277667874,2.0877202284551304,15.877883038685221,22.350386572897815,22.818481913404295,5.742647191297331,14.592954273570788,12.241356073836267,23.143598338134844,32.02070719360711,15.809903506203291,11.951076601118826,3.145193608916277
3.9585767589191643,0.0,11.054375448705485,21.074284882764807,3.67747406480455,13.996779675673997,18.436315270060263,21.72806700756483,4.754184849359501,10.931047913156194,8.795694225702643,19.23827610603542,28.611750529533204,11.99171678248244,8.008673427999833,6.501108869944016
14.229192211386787,11.054375448705485,0.0,20.627317116201205,12.581244932600354,20.709547938704468,10.957544432127497,29.06192469378131,9.247000129834548,3.1468586287291167,12.582121394972743,15.326205264718215,27.865138572804387,5.032473461932488,8.343658940372425,15.12265300364527
24.582982277667874,21.074284882764807,20.627317116201205,0.0,24.750712525478605,13.371294295002699,13.565274154034924,17.758120343887377,24.295516279064312,17.484517890436827,12.344092645586322,7.11275531180375,7.61528481449948,15.72127070184714,14.108498133872216,27.514841680172346
2.0877202284551304,3.67747406480455,12.581244932600354,24.750712525478605,0.0,17.074931369225656,21.35089085824769,24.363288348321845,3.723312290404641,13.277006927083134,12.467268621496094,22.707203032951988,32.28867467154558,14.66579666619722,11.445174660574297,2.9602517602655345
15.877883038685221,13.996779675673997,20.709547938704468,13.371294295002699,17.074931369225656,0.0,20.705343871688186,8.355398607831695,18.654599493173144,18.427309395876676,8.203656559538686,16.8045037841073,19.153681840598217,17.813822768606233,12.471719410926145,19.002051891573533
22.350386572897815,18.436315270060263,10.957544432127497,13.565274154034924,21.35089085824769,20.705343871688186,0.0,28.112431564072708,18.927520748914368,8.540497986886558,13.679609561275726,6.526409616133775,19.34837037474711,6.7825566601378355,10.950041470716176,24.263101991808586
22.818481913404295,21.72806700756483,29.06192469378131,17.758120343887377,24.363288348321845,8.355398607831695,28.112431564072708,0.0,26.47711445355238,26.724107915002136,16.519649626493514,23.190180172311752,20.838872865604333,25.99664011217419,20.7944375705548,25.774301393679824
5.742647191297331,4.754184849359501,9.247000129834548,24.295516279064312,3.723312290404641,18.654599493173144,18.927520748914368,26.47711445355238,0.0,10.495351366412347,12.547539983445107,21.224916982445855,31.910369466264584,12.14496472285271,10.281185469177496,5.898304278026516
14.592954273570788,10.931047913156194,3.1468586287291167,17.484517890436827,13.277006927083134,18.427309395876676,8.540497986886558,26.724107915002136,10.495351366412347,0.0,10.22382434276608,12.275063026866698,24.72308150092585,1.976292841356909,5.971255752234391,16.08305671370133
12.241356073836267,8.795694225702643,12.582121394972743,12.344092645586322,12.467268621496094,8.203656559538686,13.679609561275726,16.519649626493514,12.547539983445107,10.22382434276608,0.0,11.863649366578507,19.831347612733804,9.699261714089076,4.274788290363854,15.180604452777969
23.143598338134844,19.23827610603542,15.326205264718215,7.11275531180375,22.707203032951988,16.8045037841073,6.526409616133775,23.190180172311752,21.224916982445855,12.275063026866698,11.863649366578507,0.0,13.013525259468455,10.313076591924219,11.262903278861645,25.654754038497874
32.02070719360711,28.611750529533204,27.865138572804387,7.61528481449948,32.28867467154558,19.153681840598217,19.34837037474711,20.838872865604333,31.910369466264584,24.72308150092585,19.831347612733804,13.013525259468455,0.0,22.861401299851817,21.714030546797826,35.00665711394314
15.809903506203291,11.99171678248244,5.032473461932488,15.72127070184714,14.66579666619722,17.813822768606233,6.7825566601378355,25.99664011217419,12.14496472285271,1.976292841356909,9.699261714089076,10.313076591924219,22.861401299851817,0.0,5.69370005000821,17.54484042365418
11.951076601118826,8.008673427999833,8.343658940372425,14.108498133872216,11.445174660574297,12.471719410926145,10.950041470716176,20.7944375705548,10.281185469177496,5.971255752234391,4.274788290363854,11.262903278861645,21.714030546797826,5.69370005000821,0.0,14.391913510407193
3.145193608916277,6.501108869944016,15.12265300364527,27.514841680172346,2.9602517602655345,19.002051891573533,24.263101991808586,25.774301393679824,5.898304278026516,16.08305671370133,15.180604452777969,25.654754038497874,35.00665711394314,17.54484042365418,14.391913510407193,0.0
True
0.0,1.0,0.0,0.0,0.0,0.0,0.0,0.0,0.0,0.0,0.0,0.0,0.0,0.0,0.0,0.0
0.0,0.0,0.0,0.0,0.0,0.0,0.0,0.0,0.0,0.0,0.0,0.0,0.0,0.0,1.0,0.0
0.0,0.0,0.0,0.0,0.0,0.0,0.0,0.0,1.0,0.0,0.0,0.0,0.0,0.0,0.0,0.0
0.0,0.0,0.0,0.0,0.0,0.0,0.0,0.0,0.0,0.0,0.0,1.0,0.0,0.0,0.0,0.0
0.0,0.0,0.0,0.0,0.0,0.0,0.0,0.0,0.0,0.0,0.0,0.0,0.0,0.0,0.0,1.0
0.0,0.0,0.0,0.0,0.0,0.0,0.0,1.0,0.0,0.0,0.0,0.0,0.0,0.0,0.0,0.0
0.0,0.0,0.0,0.0,0.0,0.0,0.0,0.0,0.0,0.0,0.0,0.0,0.0,1.0,0.0,0.0
0.0,0.0,0.0,0.0,0.0,0.0,0.0,0.0,0.0,0.0,0.0,0.0,1.0,0.0,0.0,0.0
0.0,0.0,0.0,0.0,1.0,0.0,0.0,0.0,0.0,0.0,0.0,0.0,0.0,0.0,0.0,0.0
0.0,0.0,1.0,0.0,0.0,0.0,0.0,0.0,0.0,0.0,0.0,0.0,0.0,0.0,0.0,0.0
0.0,0.0,0.0,0.0,0.0,1.0,0.0,0.0,0.0,0.0,0.0,0.0,0.0,0.0,0.0,0.0
0.0,0.0,0.0,0.0,0.0,0.0,1.0,0.0,0.0,0.0,0.0,0.0,0.0,0.0,0.0,0.0
0.0,0.0,0.0,1.0,0.0,0.0,0.0,0.0,0.0,0.0,0.0,0.0,0.0,0.0,0.0,0.0
0.0,0.0,0.0,0.0,0.0,0.0,0.0,0.0,0.0,1.0,0.0,0.0,0.0,0.0,0.0,0.0
0.0,0.0,0.0,0.0,0.0,0.0,0.0,0.0,0.0,0.0,1.0,0.0,0.0,0.0,0.0,0.0
1.0,0.0,0.0,0.0,0.0,0.0,0.0,0.0,0.0,0.0,0.0,0.0,0.0,0.0,0.0,0.0
105.87588217233944
GUROBI,0.291471004486084
