16
32
0.01647038228656328,19.612132129670204
4.595239569891529,6.902204829068019
27.31696781452252,25.551767251672057
8.16558163162842,2.8342743352462243
18.16782886105514,3.5868923403331223
6.935600616056998,30.626440066254354
3.4398565891077837,23.513894816658517
21.786759238744487,18.902953920808347
18.465642045798997,7.044035145367491
20.61827885610453,16.930385965508773
24.915066908107743,3.5805710672742457
11.73614002204815,20.128199544161554
4.182259806796296,3.8983656927551777
24.354074577143667,4.3465860622680665
20.975714798683104,31.45251913714942
29.347099253980836,31.14707812654307
0.0,13.50952920200972,27.939155775184762,18.65219896752293,24.21322210963498,13.007280365771189,5.1906960214048405,21.781836713774634,22.323283738657025,20.775617316481174,29.61335946921532,11.731026470068562,16.25657581298332,28.729007547799192,24.072488259279144,31.517309040586557
13.50952920200972,0.0,29.395290659856837,5.412522604144288,13.971631149030905,23.839392345774304,16.651821344108253,20.96583714730858,13.871127592314968,18.902439124959283,20.589527287007034,15.03061527254599,3.0320952889991553,19.92342209875183,29.513351238831564,34.64777682668059
27.939155775184762,29.395290659856837,0.0,29.71296143325678,23.79416889619431,21.003629044851913,23.96391797123781,8.648116881742515,20.515411660086325,10.917904974995778,22.10209469117199,16.497796258188316,31.68729262140355,21.411175717637697,8.66200684742613,5.952221219673117
18.65219896752293,5.412522604144288,29.71296143325678,0.0,10.030522593571854,27.819369678669727,21.21271270801435,21.065111987076193,11.127143865970128,18.80877537898994,16.76610317990538,17.65867311977188,4.123001719294957,16.258978768873668,31.35448049799795,35.359179109680966
24.21322210963498,13.971631149030905,23.79416889619431,10.030522593571854,0.0,29.279687371454397,24.778995034801724,15.737801606815102,3.469946551088098,13.566632865355382,6.747241008151949,17.747717186535098,13.989037044082469,6.232717754797744,28.006738121712342,29.741215965198094
13.007280365771189,23.839392345774304,21.003629044851913,27.819369678669727,29.279687371454397,0.0,7.925183040756813,18.920809703569493,26.250174803689134,19.359689608855305,32.476764587270424,11.543752970684412,26.86951516732752,31.52830413460084,14.064395219580172,22.417545253383192
5.1906960214048405,16.651821344108253,23.96391797123781,21.21271270801435,24.778995034801724,7.925183040756813,0.0,18.917442025291628,22.294180993760047,18.396760051063794,29.300546990509396,8.960538559589434,19.629573233983827,28.368825124372293,19.24910593373676,27.008345190679837
21.781836713774634,20.96583714730858,8.648116881742515,21.065111987076193,15.737801606815102,18.920809703569493,18.917442025291628,0.0,12.315184689308634,2.292677636059889,15.638469400311298,10.12502708522658,23.13127899928787,14.781033566023867,12.575745711605027,14.390181330040388
22.323283738657025,13.871127592314968,20.515411660086325,11.127143865970128,3.469946551088098,26.250174803689134,22.294180993760047,12.315184689308634,0.0,10.117992774062975,7.320564491540832,14.713312186667444,14.625670736433118,6.4768718709043585,24.53720758362381,26.44546826822868
20.775617316481174,18.902439124959283,10.917904974995778,18.80877537898994,13.566632865355382,19.359689608855305,18.396760051063794,2.292677636059889,10.117992774062975,0.0,14.02426273930156,9.440254337212984,20.975611423238274,13.126621411244217,14.526531324026141,16.68252503489791
29.61335946921532,20.589527287007034,22.10209469117199,16.76610317990538,6.747241008151949,32.476764587270424,29.300546990509396,15.638469400311298,7.320564491540832,14.02426273930156,0.0,21.15438777363212,20.73524255281753,0.9494689926247677,28.148960624716622,27.920516151453636
11.731026470068562,15.03061527254599,16.497796258188316,17.65867311977188,17.747717186535098,11.543752970684412,8.960538559589434,10.12502708522658,14.713312186667444,9.440254337212984,21.15438777363212,0.0,17.901637163975526,20.205731774141608,14.615401338901293,20.77406003365883
16.25657581298332,3.0320952889991553,31.68729262140355,4.123001719294957,13.989037044082469,26.86951516732752,19.629573233983827,23.13127899928787,14.625670736433118,20.975611423238274,20.73524255281753,17.901637163975526,0.0,20.17679391352478,32.268428883379976,37.091258723610906
28.729007547799192,19.92342209875183,21.411175717637697,16.258978768873668,6.232717754797744,31.52830413460084,28.368825124372293,14.781033566023867,6.4768718709043585,13.126621411244217,0.9494689926247677,20.205731774141608,20.17679391352478,0.0,27.31565343631133,27.261633669147056
24.072488259279144,29.513351238831564,8.66200684742613,31.35448049799795,28.006738121712342,14.064395219580172,19.24910593373676,12.575745711605027,24.53720758362381,14.526531324026141,28.148960624716622,14.615401338901293,32.268428883379976,27.31565343631133,0.0,8.376954811228286
31.517309040586557,34.64777682668059,5.952221219673117,35.359179109680966,29.741215965198094,22.417545253383192,27.008345190679837,14.390181330040388,26.44546826822868,16.68252503489791,27.920516151453636,20.77406003365883,37.091258723610906,27.261633669147056,8.376954811228286,0.0
True
0.0,1.0,0.0,0.0,0.0,0.0,0.0,0.0,0.0,0.0,0.0,0.0,0.0,0.0,0.0,0.0
0.0,0.0,0.0,0.0,0.0,0.0,0.0,0.0,0.0,0.0,0.0,0.0,1.0,0.0,0.0,0.0
0.0,0.0,0.0,0.0,0.0,0.0,0.0,0.0,0.0,0.0,0.0,0.0,0.0,0.0,0.0,1.0
0.0,0.0,0.0,0.0,1.0,0.0,0.0,0.0,0.0,0.0,0.0,0.0,0.0,0.0,0.0,0.0
0.0,0.0,0.0,0.0,0.0,0.0,0.0,0.0,0.0,0.0,1.0,0.0,0.0,0.0,0.0,0.0
0.0,0.0,0.0,0.0,0.0,0.0,1.0,0.0,0.0,0.0,0.0,0.0,0.0,0.0,0.0,0.0
1.0,0.0,0.0,0.0,0.0,0.0,0.0,0.0,0.0,0.0,0.0,0.0,0.0,0.0,0.0,0.0
0.0,0.0,1.0,0.0,0.0,0.0,0.0,0.0,0.0,0.0,0.0,0.0,0.0,0.0,0.0,0.0
0.0,0.0,0.0,0.0,0.0,0.0,0.0,0.0,0.0,1.0,0.0,0.0,0.0,0.0,0.0,0.0
0.0,0.0,0.0,0.0,0.0,0.0,0.0,1.0,0.0,0.0,0.0,0.0,0.0,0.0,0.0,0.0
0.0,0.0,0.0,0.0,0.0,0.0,0.0,0.0,0.0,0.0,0.0,0.0,0.0,1.0,0.0,0.0
0.0,0.0,0.0,0.0,0.0,1.0,0.0,0.0,0.0,0.0,0.0,0.0,0.0,0.0,0.0,0.0
0.0,0.0,0.0,1.0,0.0,0.0,0.0,0.0,0.0,0.0,0.0,0.0,0.0,0.0,0.0,0.0
0.0,0.0,0.0,0.0,0.0,0.0,0.0,0.0,1.0,0.0,0.0,0.0,0.0,0.0,0.0,0.0
0.0,0.0,0.0,0.0,0.0,0.0,0.0,0.0,0.0,0.0,0.0,1.0,0.0,0.0,0.0,0.0
0.0,0.0,0.0,0.0,0.0,0.0,0.0,0.0,0.0,0.0,0.0,0.0,0.0,0.0,1.0,0.0
119.53172737007091
GUROBI,0.5533144474029541
