16
32
28.983341698405845,29.826159833709895
3.6473670871348745,5.934449125147587
29.68382163170181,18.635755491757624
13.581142945242714,14.622107050605198
22.634563654744344,22.483338571402932
16.74512069685136,10.801769478403667
12.920552325932018,10.659688267314461
6.884686701854108,27.131890988380746
13.690250390459418,30.389175730262092
1.0203802360754644,6.896200501437999
17.045445732161784,20.187532456396134
22.53881101285172,14.301398222740897
11.44083054089485,7.252835070567841
21.522976747656763,9.8873903259963
0.12046707998997519,9.829257890392647
24.075340308895264,12.921942171534699
0.0,34.82420781704299,11.212306697256125,21.642341542988678,9.706905106050309,22.620819650798637,25.007335618372114,22.26229182423796,15.303451527448212,36.162276597628875,15.343288363957987,16.809229572900282,28.588366315228296,21.28876639639072,35.11326841194138,17.602302474666022
34.82420781704299,0.0,28.969296654730655,13.196791391428926,25.18688895837321,13.972900809855556,10.407682231107518,21.443222235312387,26.436587494892187,2.797503462989016,19.5616690449931,20.661376788593287,7.904189655250817,18.307461999761482,5.254384738314129,21.589977976419238
11.212306697256125,28.969296654730655,0.0,16.59534979108634,8.030936033892397,15.125518792389416,18.564074072966854,24.330739239208928,19.84785147948216,30.974344609874226,12.733285401892822,8.356903115326796,21.502967266272847,11.96383225789088,30.847144638573404,8.006417763683508
21.642341542988678,13.196791391428926,16.59534979108634,0.0,11.990137095413749,4.960416754492427,4.017106244611478,14.18933474090471,15.76744618457977,14.746606112677968,6.55555899575913,8.963407352214457,7.6737935015199,9.24609466788317,14.288498795253044,10.631027181007342
9.706905106050309,25.18688895837321,8.030936033892397,11.990137095413749,0.0,13.082224383826741,15.302311021857632,16.421560936907714,11.937462081701518,26.648298220862262,6.0422648791853035,8.182500622517132,18.901531628760686,12.644901646630984,25.82654259592027,9.669340126531878
22.620819650798637,13.972900809855556,15.125518792389416,4.960416754492427,13.082224383826741,0.0,3.827206591547051,19.076190057249732,19.824195223620496,16.202497696114605,9.390566639233663,6.768622372825045,6.382039602642571,4.864565517759528,16.653074390917673,7.630678332199018
25.007335618372114,10.407682231107518,18.564074072966854,4.017106244611478,15.302311021857632,3.827206591547051,0.0,17.543236198484845,19.74449570541484,12.48110315365203,10.382415928105328,10.284597783479835,3.7143270272414424,8.63702205865254,12.826994851261837,11.381875402235826
22.26229182423796,21.443222235312387,24.330739239208928,14.18933474090471,16.421560936907714,19.076190057249732,17.543236198484845,0.0,7.5449056328993365,21.068299879390324,12.307117432312348,20.240384199745392,20.394492169837456,22.61973338834971,18.577830315093443,22.303390253830504
15.303451527448212,26.436587494892187,19.84785147948216,15.76744618457977,11.937462081701518,19.824195223620496,19.74449570541484,7.5449056328993365,0.0,26.69167463519462,10.739220701158711,18.360653861441225,23.24543285854313,21.947091081719687,24.63431023339758,20.321278030899787
36.162276597628875,2.797503462989016,30.974344609874226,14.746606112677968,26.648298220862262,16.202497696114605,12.48110315365203,21.068299879390324,26.69167463519462,0.0,20.819755745223034,22.756972917910264,10.42655133642514,20.719644791435176,3.0680073884195918,23.8294092800064
15.343288363957987,19.5616690449931,12.733285401892822,6.55555899575913,6.0422648791853035,9.390566639233663,10.382415928105328,12.307117432312348,10.739220701158711,20.819755745223034,0.0,8.05131283230864,14.096741038450462,11.231260476952581,19.843103445811753,10.109808106361845
16.809229572900282,20.661376788593287,8.356903115326796,8.963407352214457,8.182500622517132,6.768622372825045,10.284597783479835,20.240384199745392,18.360653861441225,22.756972917910264,8.05131283230864,0.0,13.147144673506403,4.529391235791829,22.860056514459778,2.06490224340269
28.588366315228296,7.904189655250817,21.502967266272847,7.6737935015199,18.901531628760686,6.382039602642571,3.7143270272414424,20.394492169837456,23.24543285854313,10.42655133642514,14.096741038450462,13.147144673506403,0.0,10.420679129904602,11.609848553426708,13.84809056873657
21.28876639639072,18.307461999761482,11.96383225789088,9.24609466788317,12.644901646630984,4.864565517759528,8.63702205865254,22.61973338834971,21.947091081719687,20.719644791435176,11.231260476952581,4.529391235791829,10.420679129904602,0.0,21.402588615740843,3.965231979594458
35.11326841194138,5.254384738314129,30.847144638573404,14.288498795253044,25.82654259592027,16.653074390917673,12.826994851261837,18.577830315093443,24.63431023339758,3.0680073884195918,19.843103445811753,22.860056514459778,11.609848553426708,21.402588615740843,0.0,24.15368807192281
17.602302474666022,21.589977976419238,8.006417763683508,10.631027181007342,9.669340126531878,7.630678332199018,11.381875402235826,22.303390253830504,20.321278030899787,23.8294092800064,10.109808106361845,2.06490224340269,13.84809056873657,3.965231979594458,24.15368807192281,0.0
True
0.0,0.0,1.0,0.0,0.0,0.0,0.0,0.0,0.0,0.0,0.0,0.0,0.0,0.0,0.0,0.0
0.0,0.0,0.0,0.0,0.0,0.0,0.0,0.0,0.0,1.0,0.0,0.0,0.0,0.0,0.0,0.0
0.0,0.0,0.0,0.0,0.0,0.0,0.0,0.0,0.0,0.0,0.0,1.0,0.0,0.0,0.0,0.0
0.0,0.0,0.0,0.0,0.0,0.0,1.0,0.0,0.0,0.0,0.0,0.0,0.0,0.0,0.0,0.0
1.0,0.0,0.0,0.0,0.0,0.0,0.0,0.0,0.0,0.0,0.0,0.0,0.0,0.0,0.0,0.0
0.0,0.0,0.0,1.0,0.0,0.0,0.0,0.0,0.0,0.0,0.0,0.0,0.0,0.0,0.0,0.0
0.0,0.0,0.0,0.0,0.0,0.0,0.0,0.0,0.0,0.0,0.0,0.0,1.0,0.0,0.0,0.0
0.0,0.0,0.0,0.0,0.0,0.0,0.0,0.0,1.0,0.0,0.0,0.0,0.0,0.0,0.0,0.0
0.0,0.0,0.0,0.0,0.0,0.0,0.0,0.0,0.0,0.0,1.0,0.0,0.0,0.0,0.0,0.0
0.0,0.0,0.0,0.0,0.0,0.0,0.0,0.0,0.0,0.0,0.0,0.0,0.0,0.0,1.0,0.0
0.0,0.0,0.0,0.0,1.0,0.0,0.0,0.0,0.0,0.0,0.0,0.0,0.0,0.0,0.0,0.0
0.0,0.0,0.0,0.0,0.0,0.0,0.0,0.0,0.0,0.0,0.0,0.0,0.0,0.0,0.0,1.0
0.0,1.0,0.0,0.0,0.0,0.0,0.0,0.0,0.0,0.0,0.0,0.0,0.0,0.0,0.0,0.0
0.0,0.0,0.0,0.0,0.0,1.0,0.0,0.0,0.0,0.0,0.0,0.0,0.0,0.0,0.0,0.0
0.0,0.0,0.0,0.0,0.0,0.0,0.0,1.0,0.0,0.0,0.0,0.0,0.0,0.0,0.0,0.0
0.0,0.0,0.0,0.0,0.0,0.0,0.0,0.0,0.0,0.0,0.0,0.0,0.0,1.0,0.0,0.0
109.53658672073148
GUROBI,2.6480133533477783
