16
32
0.3437981560512746,18.877290008748787
6.089138058087904,6.7850185544768316
10.394459329455081,4.255868915712988
19.996155758475584,21.226103929238626
3.368771395250853,5.008715122759252
11.148012815636289,30.081020410579786
28.255952592381025,18.694726921769856
30.011945813221637,24.071246401022034
13.407933310581342,0.29166580621377847
29.65611821221674,6.180281865285075
20.138811754838567,30.429053135737757
16.349270058219957,1.156225844734358
26.319935379392966,31.3186729666713
6.810741629356546,16.585004987140724
2.338853029388453,17.280542701604386
5.355400309275176,7.899706304172799
0.0,13.387754087737594,17.74265326275749,19.79222287078062,14.194640977008655,15.564531130981875,27.912751468786624,30.119365338806517,22.717769572158343,31.944109361042827,22.91911417830619,23.87909642168706,28.80186999053295,6.861190021214565,2.5553563177176133,12.067456241195604
13.387754087737594,0.0,4.9932343370751155,20.04869292797052,3.2489457769877976,23.838957953151233,25.16364083338733,29.514647279812802,9.784088810987758,23.57473775142275,27.503339838372902,11.702718317954329,31.799140854317326,9.826517480494502,11.145432468927567,1.3345036018516514
17.74265326275749,4.9932343370751155,0.0,19.49824224717081,7.0659088842332824,25.836143144621193,22.967663400977937,27.883596626440717,4.9795513581333966,19.35755325748458,27.928264829835573,6.713237518729626,31.400894103794414,12.839416996958239,15.314532970043839,6.218493927181572
19.79222287078062,20.04869292797052,19.49824224717081,0.0,23.22657121623708,12.517954282886807,8.638987978422929,10.41205484549019,21.946648367112772,17.879922712020885,9.204054803764551,20.398524006348932,11.910085577747738,13.978374195403207,18.0927552646809,19.79759060554217
14.194640977008655,3.2489457769877976,7.0659088842332824,23.22657121623708,0.0,26.251420714359707,28.40208983334584,32.76032420171021,11.092129020929402,26.31344088688591,30.453699912429045,13.54012626147332,34.913748151343064,12.077153891403835,12.314969913290275,3.5077805594204943
15.564531130981875,23.838957953151233,25.836143144621193,12.517954282886807,26.251420714359707,0.0,20.550651639742235,19.79811485428209,29.874954198929494,30.22904676600747,8.997532569707191,29.38871922319668,15.222319735514322,14.175836964815783,15.538774910449733,22.925205672707516
27.912751468786624,25.16364083338733,22.967663400977937,8.638987978422929,28.40208983334584,20.550651639742235,0.0,5.6560121907945256,23.64606383767893,12.592529485164858,14.268229990868303,21.198304389702294,12.77153774584599,21.548735459188332,25.955653849722893,25.317341191476054
30.119365338806517,29.514647279812802,27.883596626440717,10.41205484549019,32.76032420171021,19.79811485428209,5.6560121907945256,0.0,29.002787529008597,17.894502655861505,11.743103619180081,26.678959422762304,8.13364204203618,24.379082962414945,28.49409975689572,29.486674028994603
22.717769572158343,9.784088810987758,4.9795513581333966,21.946648367112772,11.092129020929402,29.874954198929494,23.64606383767893,29.002787529008597,0.0,17.28234103612369,30.879877585267707,3.0657667757375178,33.60647215582257,17.578277496488408,20.276747185834072,11.078157245485796
31.944109361042827,23.57473775142275,19.35755325748458,17.879922712020885,26.31344088688591,30.22904676600747,12.592529485164858,17.894502655861505,17.28234103612369,0.0,26.049607105105895,14.223689630020738,25.358801688176875,25.10317697932225,29.486416664343718,24.361471856178746
22.91911417830619,27.503339838372902,27.928264829835573,9.204054803764551,30.453699912429045,8.997532569707191,14.268229990868303,11.743103619180081,30.879877585267707,26.049607105105895,0.0,29.51709748398925,6.244814865599679,19.217052906479683,22.12966012536663,26.946627295930018
23.87909642168706,11.702718317954329,6.713237518729626,20.398524006348932,13.54012626147332,29.38871922319668,21.198304389702294,26.678959422762304,3.0657667757375178,14.223689630020738,29.51709748398925,0.0,31.76770975897514,18.139204789995322,21.36083751687922,12.897274935566477
28.80186999053295,31.799140854317326,31.400894103794414,11.910085577747738,34.913748151343064,15.222319735514322,12.77153774584599,8.13364204203618,33.60647215582257,25.358801688176875,6.244814865599679,31.76770975897514,0.0,24.447691361507015,27.787792499885374,31.43182670869472
6.861190021214565,9.826517480494502,12.839416996958239,13.978374195403207,12.077153891403835,14.175836964815783,21.548735459188332,24.379082962414945,17.578277496488408,25.10317697932225,19.217052906479683,18.139204789995322,24.447691361507015,0.0,4.525655793668573,8.8063858404172
2.5553563177176133,11.145432468927567,15.314532970043839,18.0927552646809,12.314969913290275,15.538774910449733,25.955653849722893,28.49409975689572,20.276747185834072,29.486416664343718,22.12966012536663,21.36083751687922,27.787792499885374,4.525655793668573,0.0,9.853915415060616
12.067456241195604,1.3345036018516514,6.218493927181572,19.79759060554217,3.5077805594204943,22.925205672707516,25.317341191476054,29.486674028994603,11.078157245485796,24.361471856178746,26.946627295930018,12.897274935566477,31.43182670869472,8.8063858404172,9.853915415060616,0.0
True
0.0,0.0,0.0,0.0,0.0,0.0,0.0,0.0,0.0,0.0,0.0,0.0,0.0,0.0,1.0,0.0
0.0,0.0,0.0,0.0,1.0,0.0,0.0,0.0,0.0,0.0,0.0,0.0,0.0,0.0,0.0,0.0
0.0,0.0,0.0,0.0,0.0,0.0,0.0,0.0,1.0,0.0,0.0,0.0,0.0,0.0,0.0,0.0
0.0,0.0,0.0,0.0,0.0,1.0,0.0,0.0,0.0,0.0,0.0,0.0,0.0,0.0,0.0,0.0
0.0,0.0,1.0,0.0,0.0,0.0,0.0,0.0,0.0,0.0,0.0,0.0,0.0,0.0,0.0,0.0
1.0,0.0,0.0,0.0,0.0,0.0,0.0,0.0,0.0,0.0,0.0,0.0,0.0,0.0,0.0,0.0
0.0,0.0,0.0,0.0,0.0,0.0,0.0,1.0,0.0,0.0,0.0,0.0,0.0,0.0,0.0,0.0
0.0,0.0,0.0,0.0,0.0,0.0,0.0,0.0,0.0,0.0,0.0,0.0,1.0,0.0,0.0,0.0
0.0,0.0,0.0,0.0,0.0,0.0,0.0,0.0,0.0,0.0,0.0,1.0,0.0,0.0,0.0,0.0
0.0,0.0,0.0,0.0,0.0,0.0,1.0,0.0,0.0,0.0,0.0,0.0,0.0,0.0,0.0,0.0
0.0,0.0,0.0,1.0,0.0,0.0,0.0,0.0,0.0,0.0,0.0,0.0,0.0,0.0,0.0,0.0
0.0,0.0,0.0,0.0,0.0,0.0,0.0,0.0,0.0,1.0,0.0,0.0,0.0,0.0,0.0,0.0
0.0,0.0,0.0,0.0,0.0,0.0,0.0,0.0,0.0,0.0,1.0,0.0,0.0,0.0,0.0,0.0
0.0,0.0,0.0,0.0,0.0,0.0,0.0,0.0,0.0,0.0,0.0,0.0,0.0,0.0,0.0,1.0
0.0,0.0,0.0,0.0,0.0,0.0,0.0,0.0,0.0,0.0,0.0,0.0,0.0,1.0,0.0,0.0
0.0,1.0,0.0,0.0,0.0,0.0,0.0,0.0,0.0,0.0,0.0,0.0,0.0,0.0,0.0,0.0
119.71930277999624
GUROBI,0.37462496757507324
