16
32
15.646060717277113,18.950026527222015
30.162460476904062,23.492118814644854
2.977042799067579,10.88371598302325
16.85584862614155,30.131132660336228
9.388553065503832,27.638169930881634
1.5744651752799506,11.475705088912807
17.33478483761729,0.3567562531777817
6.412693664965094,14.388319843483554
14.966081058129848,19.593007243825905
1.1730820954223553,5.7868220068247425
19.743815448541596,19.11983403803172
17.943122141137447,26.927018945279496
18.05291236798474,10.763898434643497
3.9216824975954623,22.904121235785368
22.563063022403792,24.764210743213518
14.049105804977934,15.921181230463691
0.0,15.210406448506344,15.018967368210319,11.246364796875426,10.70701815701063,15.933464220335859,18.669801515770743,10.29874919546958,0.9358400177265782,19.563666921987608,4.101271562372803,8.30113842932003,8.532621403567441,12.373193185367882,9.036020085558272,3.4240573627805206
15.210406448506344,0.0,29.966961078542283,14.870858206241328,21.183601417036662,31.01076706877216,26.453624764052346,25.434830043245725,15.688627042575737,33.96853829645491,11.298895450212154,12.692941671313609,17.568402017375213,26.247365012741977,7.705132026525874,17.803350658986936
15.018967368210319,29.966961078542283,0.0,23.729397378267493,17.939319691323995,1.5223912415150276,17.80341645862742,4.907743380729641,14.818528693590073,5.406718267572744,18.68042573645436,21.940170938528954,15.076345694627138,12.05746601076138,24.00583935163702,12.16415370364987
11.246364796875426,14.870858206241328,23.729397378267493,0.0,7.872443468223159,24.115257785163568,29.77822812609602,18.891681791984674,10.706227568812915,28.958498359751303,11.383718624283041,3.38356445120027,19.40419344252369,14.816286564838625,7.834293014011863,14.484492566310013
10.70701815701063,21.183601417036662,17.939319691323995,7.872443468223159,0.0,17.952304568606838,28.4151039348821,13.579921447132811,9.789456633017002,23.344707523514554,13.408710057457881,8.58407757386371,18.96871531367484,7.231728068297746,13.484337359204499,12.60986027056372
15.933464220335859,31.01076706877216,1.5223912415150276,24.115257785163568,17.952304568606838,0.0,19.287786266722012,5.647280728540435,15.659692532995482,5.703025433790714,19.71187451114761,22.5094653591298,16.49381370683634,11.666967248787298,24.841610698839023,13.243070526324695
18.669801515770743,26.453624764052346,17.80341645862742,29.77822812609602,28.4151039348821,19.287786266722012,0.0,17.781362500453152,19.38154043852472,17.04952344248955,18.9170958776671,26.577225848499435,10.4318893559659,26.235376537088577,24.961144353989063,15.907451448270631
10.29874919546958,25.434830043245725,4.907743380729641,18.891681791984674,13.579921447132811,5.647280728540435,17.781362500453152,0.0,10.012452588293849,10.071707622530171,14.145884015562928,17.034369844802146,12.191436420823695,8.8726551825871,19.196185619669183,7.7887389482399625
0.9358400177265782,15.688627042575737,14.818528693590073,10.706227568812915,9.789456633017002,15.659692532995482,19.38154043852472,10.012452588293849,0.0,19.51557253025488,4.801108079183874,7.915206961727106,9.353164699709016,11.530057043730693,9.189966300133111,3.7845937545919597
19.563666921987608,33.96853829645491,5.406718267572744,28.958498359751303,23.344707523514554,5.703025433790714,17.04952344248955,10.071707622530171,19.51557253025488,0.0,22.86135050903523,26.984109578259933,17.59829422980712,17.33657224091897,28.594974511418002,16.38588488433851
4.101271562372803,11.298895450212154,18.68042573645436,11.383718624283041,13.408710057457881,19.71187451114761,18.9170958776671,14.145884015562928,4.801108079183874,22.86135050903523,0.0,8.012155300746958,8.52530427819486,16.26839637802379,6.309290393754817,6.531546348902364
8.30113842932003,12.692941671313609,21.940170938528954,3.38356445120027,8.58407757386371,22.5094653591298,26.577225848499435,17.034369844802146,7.915206961727106,26.984109578259933,8.012155300746958,0.0,16.163493388969272,14.587133908295483,5.101136448412248,11.674409065607524
8.532621403567441,17.568402017375213,15.076345694627138,19.40419344252369,18.96871531367484,16.49381370683634,10.4318893559659,12.191436420823695,9.353164699709016,17.59829422980712,8.52530427819486,16.163493388969272,0.0,18.62999375499485,14.708847802022218,6.529014690597603
12.373193185367882,26.247365012741977,12.05746601076138,14.816286564838625,7.231728068297746,11.666967248787298,26.235376537088577,8.8726551825871,11.530057043730693,17.33657224091897,16.26839637802379,14.587133908295483,18.62999375499485,0.0,18.733953155870427,12.30146958557536
9.036020085558272,7.705132026525874,24.00583935163702,7.834293014011863,13.484337359204499,24.841610698839023,24.961144353989063,19.196185619669183,9.189966300133111,28.594974511418002,6.309290393754817,5.101136448412248,14.708847802022218,18.733953155870427,0.0,12.275448605388004
3.4240573627805206,17.803350658986936,12.16415370364987,14.484492566310013,12.60986027056372,13.243070526324695,15.907451448270631,7.7887389482399625,3.7845937545919597,16.38588488433851,6.531546348902364,11.674409065607524,6.529014690597603,12.30146958557536,12.275448605388004,0.0
True
0.0,0.0,0.0,0.0,0.0,0.0,0.0,0.0,1.0,0.0,0.0,0.0,0.0,0.0,0.0,0.0
0.0,0.0,0.0,0.0,0.0,0.0,0.0,0.0,0.0,0.0,1.0,0.0,0.0,0.0,0.0,0.0
0.0,0.0,0.0,0.0,0.0,0.0,0.0,1.0,0.0,0.0,0.0,0.0,0.0,0.0,0.0,0.0
0.0,0.0,0.0,0.0,0.0,0.0,0.0,0.0,0.0,0.0,0.0,1.0,0.0,0.0,0.0,0.0
0.0,0.0,0.0,1.0,0.0,0.0,0.0,0.0,0.0,0.0,0.0,0.0,0.0,0.0,0.0,0.0
0.0,0.0,1.0,0.0,0.0,0.0,0.0,0.0,0.0,0.0,0.0,0.0,0.0,0.0,0.0,0.0
0.0,0.0,0.0,0.0,0.0,0.0,0.0,0.0,0.0,1.0,0.0,0.0,0.0,0.0,0.0,0.0
0.0,0.0,0.0,0.0,0.0,0.0,0.0,0.0,0.0,0.0,0.0,0.0,0.0,1.0,0.0,0.0
0.0,0.0,0.0,0.0,0.0,0.0,0.0,0.0,0.0,0.0,0.0,0.0,0.0,0.0,0.0,1.0
0.0,0.0,0.0,0.0,0.0,1.0,0.0,0.0,0.0,0.0,0.0,0.0,0.0,0.0,0.0,0.0
1.0,0.0,0.0,0.0,0.0,0.0,0.0,0.0,0.0,0.0,0.0,0.0,0.0,0.0,0.0,0.0
0.0,0.0,0.0,0.0,0.0,0.0,0.0,0.0,0.0,0.0,0.0,0.0,0.0,0.0,1.0,0.0
0.0,0.0,0.0,0.0,0.0,0.0,1.0,0.0,0.0,0.0,0.0,0.0,0.0,0.0,0.0,0.0
0.0,0.0,0.0,0.0,1.0,0.0,0.0,0.0,0.0,0.0,0.0,0.0,0.0,0.0,0.0,0.0
0.0,1.0,0.0,0.0,0.0,0.0,0.0,0.0,0.0,0.0,0.0,0.0,0.0,0.0,0.0,0.0
0.0,0.0,0.0,0.0,0.0,0.0,0.0,0.0,0.0,0.0,0.0,0.0,1.0,0.0,0.0,0.0
106.43084797523832
GUROBI,0.1291337013244629
