16
32
29.752539670352476,16.79880174777953
17.124555722736257,22.524439064927854
4.511606957367199,17.775421495491592
4.690089686060208,27.876787744574752
24.34403776625996,24.26517365732286
23.195610693885765,10.323837259458806
13.027615473955478,28.818133228051654
20.16293618797019,4.9869370299197655
18.262172208149195,12.459629775956927
24.442997544355975,17.57671632555421
9.397919290332858,20.446396542601427
12.023742687974579,24.087148873631012
25.375769121840214,25.13405831520529
2.6769366613405836,7.207635016321625
10.78014097286691,23.826986258538035
21.125323501112952,21.184729144281395
0.0,13.865385002544082,25.259819285835587,27.401608948387363,9.219468658127216,9.215122502031281,20.595810705283885,15.214487932965042,12.282384044537556,5.366226670393806,20.67886647284908,19.168470107686716,9.414490027565941,28.72418419332808,20.23233278328571,9.678079249426174
13.865385002544082,0.0,13.477375279802784,13.537488024215131,7.426377171806032,13.62763342911504,7.509694109683728,17.79875651497677,10.128897140915132,8.833999717124039,8.001198115478726,5.334824792044412,8.654053107589023,21.05559742222015,6.476745147830158,4.219119041692914
25.259819285835587,13.477375279802784,0.0,10.102942946615014,20.867251733553996,20.11512125871808,13.945030780282407,20.211616501677927,14.742309395799785,19.932381053844637,5.568676316466569,9.811732045414958,22.123806152420368,10.725862490469005,8.712976230015911,16.95992205288774
27.401608948387363,13.537488024215131,10.102942946615014,0.0,19.98302858563796,25.50608512696539,8.39049864925089,27.628866147760377,20.539965526156795,22.277092272000996,8.796270402689345,8.25492756628763,20.866717481256632,20.766960769568367,7.313659600517457,17.745437691564934
9.219468658127216,7.426377171806032,20.867251733553996,19.98302858563796,0.0,13.988557656133494,12.197985667742717,19.72642942526912,13.280058546625106,6.689189376641284,15.426260601596537,12.32158121507266,1.3488625351721144,27.575766440482642,13.570972861894317,4.455250825552709
9.215122502031281,13.62763342911504,20.11512125871808,25.50608512696539,13.988557656133494,0.0,21.105144163602265,6.13837264418544,5.375911547456497,7.359363335379693,17.11264136562251,17.726798394812008,14.96982760391907,20.75395626077055,18.34336177708084,11.056448869070227
20.595810705283885,7.509694109683728,13.945030780282407,8.39049864925089,12.197985667742717,21.105144163602265,0.0,24.876469080753868,17.175599535261874,16.021248446640367,9.12472846258549,4.836318179380462,12.886012046992393,23.961431193505568,5.473818566990349,11.128420067521311
15.214487932965042,17.79875651497677,20.211616501677927,27.628866147760377,19.72642942526912,6.13837264418544,24.876469080753868,0.0,7.7106446282824725,13.297423356696314,18.838271609430116,20.762094386285266,20.81057719719578,17.626448280697392,21.047192235196714,16.22635691461808
12.282384044537556,10.128897140915132,14.742309395799785,20.539965526156795,13.280058546625106,5.375911547456497,17.175599535261874,7.7106446282824725,0.0,8.024162049258793,11.931614441298063,13.195347787950178,14.534249201351537,16.4463678666368,13.608731932396143,9.182864167215808
5.366226670393806,8.833999717124039,19.932381053844637,22.277092272000996,6.689189376641284,7.359363335379693,16.021248446640367,13.297423356696314,8.024162049258793,0.0,15.316313009918264,14.022254567323,7.6146884876734005,24.109733585434107,15.024630575433248,4.901501561491969
20.67886647284908,8.001198115478726,5.568676316466569,8.796270402689345,15.426260601596537,17.11264136562251,9.12472846258549,18.838271609430116,11.931614441298063,15.316313009918264,0.0,4.488878039276638,16.651301995115315,14.847101206933365,3.6522491162520145,11.750623155974587
19.168470107686716,5.334824792044412,9.811732045414958,8.25492756628763,12.32158121507266,17.726798394812008,4.836318179380462,20.762094386285266,13.195347787950178,14.022254567323,4.488878039276638,0.0,13.393006729988008,19.29457879712903,1.270523440205159,9.553157257336784
9.414490027565941,8.654053107589023,22.123806152420368,20.866717481256632,1.3488625351721144,14.96982760391907,12.886012046992393,20.81057719719578,14.534249201351537,7.6146884876734005,16.651301995115315,13.393006729988008,0.0,28.923928629433984,14.654036932682484,5.802024549678327
28.72418419332808,21.05559742222015,10.725862490469005,20.766960769568367,27.575766440482642,20.75395626077055,23.961431193505568,17.626448280697392,16.4463678666368,24.109733585434107,14.847101206933365,19.29457879712903,28.923928629433984,0.0,18.48958506366487,23.14524005604033
20.23233278328571,6.476745147830158,8.712976230015911,7.313659600517457,13.570972861894317,18.34336177708084,5.473818566990349,21.047192235196714,13.608731932396143,15.024630575433248,3.6522491162520145,1.270523440205159,14.654036932682484,18.48958506366487,0.0,10.677280749355942
9.678079249426174,4.219119041692914,16.95992205288774,17.745437691564934,4.455250825552709,11.056448869070227,11.128420067521311,16.22635691461808,9.182864167215808,4.901501561491969,11.750623155974587,9.553157257336784,5.802024549678327,23.14524005604033,10.677280749355942,0.0
True
0.0,0.0,0.0,0.0,0.0,0.0,0.0,0.0,0.0,0.0,0.0,0.0,1.0,0.0,0.0,0.0
0.0,0.0,0.0,0.0,0.0,0.0,1.0,0.0,0.0,0.0,0.0,0.0,0.0,0.0,0.0,0.0
0.0,0.0,0.0,0.0,0.0,0.0,0.0,0.0,0.0,0.0,0.0,0.0,0.0,1.0,0.0,0.0
0.0,0.0,0.0,0.0,0.0,0.0,0.0,0.0,0.0,0.0,0.0,0.0,0.0,0.0,1.0,0.0
0.0,0.0,0.0,0.0,0.0,0.0,0.0,0.0,0.0,0.0,0.0,0.0,0.0,0.0,0.0,1.0
0.0,0.0,0.0,0.0,0.0,0.0,0.0,0.0,1.0,0.0,0.0,0.0,0.0,0.0,0.0,0.0
0.0,0.0,0.0,1.0,0.0,0.0,0.0,0.0,0.0,0.0,0.0,0.0,0.0,0.0,0.0,0.0
0.0,0.0,0.0,0.0,0.0,1.0,0.0,0.0,0.0,0.0,0.0,0.0,0.0,0.0,0.0,0.0
0.0,0.0,0.0,0.0,0.0,0.0,0.0,0.0,0.0,1.0,0.0,0.0,0.0,0.0,0.0,0.0
1.0,0.0,0.0,0.0,0.0,0.0,0.0,0.0,0.0,0.0,0.0,0.0,0.0,0.0,0.0,0.0
0.0,0.0,1.0,0.0,0.0,0.0,0.0,0.0,0.0,0.0,0.0,0.0,0.0,0.0,0.0,0.0
0.0,0.0,0.0,0.0,0.0,0.0,0.0,0.0,0.0,0.0,1.0,0.0,0.0,0.0,0.0,0.0
0.0,0.0,0.0,0.0,1.0,0.0,0.0,0.0,0.0,0.0,0.0,0.0,0.0,0.0,0.0,0.0
0.0,0.0,0.0,0.0,0.0,0.0,0.0,1.0,0.0,0.0,0.0,0.0,0.0,0.0,0.0,0.0
0.0,0.0,0.0,0.0,0.0,0.0,0.0,0.0,0.0,0.0,0.0,1.0,0.0,0.0,0.0,0.0
0.0,1.0,0.0,0.0,0.0,0.0,0.0,0.0,0.0,0.0,0.0,0.0,0.0,0.0,0.0,0.0
107.23663626784506
GUROBI,1.4245696067810059
