16
32
2.2345295498148268,26.86938176915812
6.114523251701925,5.169791321895421
1.6324845898731795,18.766412154209476
31.257321903520772,28.026745370056766
13.414323678878208,21.46716673132622
31.542225413454428,19.77642337271322
1.3245286898725759,7.649241301997442
11.69068695164179,30.34792046286252
6.412188382247567,21.502650116143222
5.408890402862674,24.73576377276553
25.538998455319664,12.001549592407446
25.89189078341491,3.2451278550263822
13.00763148160177,17.58664687387082
4.806061427923051,18.904893133906807
27.776622045485105,20.86377264493198
5.843612217466955,10.235302240716212
0.0,22.04374234801383,8.125304592110508,29.045859713752964,12.416590678733723,30.15379073432221,19.241670955051777,10.075670908268371,6.801076529173549,3.8247735331510793,27.64327593834827,33.43315889257868,14.220720529173482,8.369340202260519,26.238632395960813,17.02110688117777
22.04374234801383,0.0,14.316311278532755,33.9794154217765,17.85753430663155,29.32442219541198,5.393674082310003,25.78821026453258,16.335571031426497,19.5786923890634,20.590851318065262,19.870797566910984,14.2018746251238,13.797285752299443,26.74972100638515,5.072750107896399
8.125304592110508,14.316311278532755,0.0,31.038439991865108,12.087423530472648,29.92678931651884,11.121435365707883,15.339451406542775,5.507500933015395,7.063596789903754,24.845216253412964,28.799809984777998,11.43616250868687,3.1765967526182095,26.228130782157812,9.513854752516806
29.045859713752964,33.9794154217765,31.038439991865108,0.0,19.010540696210818,8.25523973424293,36.21069982221827,19.703833564856204,25.687438147312992,26.057090607316916,17.014879452121786,25.355796531875335,21.0249103947186,27.979945835652938,7.963884087718197,31.022444917052955
12.416590678733723,17.85753430663155,12.087423530472648,19.010540696210818,0.0,18.206576679956765,18.360234367967,9.046475026642927,7.002225202242409,8.647004600209405,15.381990971752275,22.08466394712854,3.9017730466329303,8.981504604978621,14.374967784135542,13.545126502449865
30.15379073432221,29.32442219541198,29.92678931651884,8.25523973424293,18.206576679956765,0.0,32.560370702046065,22.49088993410135,25.18925604220103,26.599741652493762,9.822799815254417,17.470260814438827,18.663501636444106,26.750365037105176,3.919451130535572,27.41261958756261
19.241670955051777,5.393674082310003,11.121435365707883,36.21069982221827,18.360234367967,32.560370702046065,0.0,24.953702586108072,14.75808988037643,17.5679042787295,24.602502585642032,24.95899628368521,15.337761255868163,11.781798180552997,29.56919142464737,5.20670981601067
10.075670908268371,25.78821026453258,15.339451406542775,19.703833564856204,9.046475026642927,22.49088993410135,24.953702586108072,0.0,10.300551182031404,8.423613867839242,22.986192716915504,30.59796655686362,12.829046983626203,13.354435332617655,18.67368114956707,20.945302449399897
6.801076529173549,16.335571031426497,5.507500933015395,25.687438147312992,7.002225202242409,25.18925604220103,14.75808988037643,10.300551182031404,0.0,3.3852076379559763,21.35663303832101,26.698238233134816,7.670394453371153,3.05417503299431,21.373983956532264,11.281684581703487
3.8247735331510793,19.5786923890634,7.063596789903754,26.057090607316916,8.647004600209405,26.599741652493762,17.5679042787295,8.423613867839242,3.3852076379559763,0.0,23.819770380816575,29.6883939737151,10.43315572661402,5.861949776322848,22.700390616251397,14.506976518163077
27.64327593834827,20.590851318065262,24.845216253412964,17.014879452121786,15.381990971752275,9.822799815254417,24.602502585642032,22.986192716915504,21.35663303832101,23.819770380816575,0.0,8.763529804713857,13.719638110146969,21.852021184182355,9.140347737584285,19.774424612755592
33.43315889257868,19.870797566910984,28.799809984777998,25.355796531875335,22.08466394712854,17.470260814438827,24.95899628368521,30.59796655686362,26.698238233134816,29.6883939737151,8.763529804713857,0.0,19.279089852071213,26.264813880904452,17.71916635068062,21.231957314392908
14.220720529173482,14.2018746251238,11.43616250868687,21.0249103947186,3.9017730466329303,18.663501636444106,15.337761255868163,12.829046983626203,7.670394453371153,10.43315572661402,13.719638110146969,19.279089852071213,0.0,8.3068360130376,15.12820662191749,10.264766920505588
8.369340202260519,13.797285752299443,3.1765967526182095,27.979945835652938,8.981504604978621,26.750365037105176,11.781798180552997,13.354435332617655,3.05417503299431,5.861949776322848,21.852021184182355,26.264813880904452,8.3068360130376,0.0,23.053933808003503,8.731455657344684
26.238632395960813,26.74972100638515,26.228130782157812,7.963884087718197,14.374967784135542,3.919451130535572,29.56919142464737,18.67368114956707,21.373983956532264,22.700390616251397,9.140347737584285,17.71916635068062,15.12820662191749,23.053933808003503,0.0,24.372552251441196
17.02110688117777,5.072750107896399,9.513854752516806,31.022444917052955,13.545126502449865,27.41261958756261,5.20670981601067,20.945302449399897,11.281684581703487,14.506976518163077,19.774424612755592,21.231957314392908,10.264766920505588,8.731455657344684,24.372552251441196,0.0
True
0.0,0.0,0.0,0.0,0.0,0.0,0.0,1.0,0.0,0.0,0.0,0.0,0.0,0.0,0.0,0.0
0.0,0.0,0.0,0.0,0.0,0.0,1.0,0.0,0.0,0.0,0.0,0.0,0.0,0.0,0.0,0.0
0.0,0.0,0.0,0.0,0.0,0.0,0.0,0.0,0.0,0.0,0.0,0.0,0.0,1.0,0.0,0.0
0.0,0.0,0.0,0.0,0.0,1.0,0.0,0.0,0.0,0.0,0.0,0.0,0.0,0.0,0.0,0.0
0.0,0.0,0.0,0.0,0.0,0.0,0.0,0.0,0.0,0.0,0.0,0.0,1.0,0.0,0.0,0.0
0.0,0.0,0.0,0.0,0.0,0.0,0.0,0.0,0.0,0.0,1.0,0.0,0.0,0.0,0.0,0.0
0.0,0.0,0.0,0.0,0.0,0.0,0.0,0.0,0.0,0.0,0.0,0.0,0.0,0.0,0.0,1.0
0.0,0.0,0.0,0.0,1.0,0.0,0.0,0.0,0.0,0.0,0.0,0.0,0.0,0.0,0.0,0.0
0.0,0.0,0.0,0.0,0.0,0.0,0.0,0.0,0.0,1.0,0.0,0.0,0.0,0.0,0.0,0.0
1.0,0.0,0.0,0.0,0.0,0.0,0.0,0.0,0.0,0.0,0.0,0.0,0.0,0.0,0.0,0.0
0.0,0.0,0.0,0.0,0.0,0.0,0.0,0.0,0.0,0.0,0.0,1.0,0.0,0.0,0.0,0.0
0.0,1.0,0.0,0.0,0.0,0.0,0.0,0.0,0.0,0.0,0.0,0.0,0.0,0.0,0.0,0.0
0.0,0.0,0.0,0.0,0.0,0.0,0.0,0.0,0.0,0.0,0.0,0.0,0.0,0.0,1.0,0.0
0.0,0.0,0.0,0.0,0.0,0.0,0.0,0.0,1.0,0.0,0.0,0.0,0.0,0.0,0.0,0.0
0.0,0.0,0.0,1.0,0.0,0.0,0.0,0.0,0.0,0.0,0.0,0.0,0.0,0.0,0.0,0.0
0.0,0.0,1.0,0.0,0.0,0.0,0.0,0.0,0.0,0.0,0.0,0.0,0.0,0.0,0.0,0.0
126.38336821985914
GUROBI,1.0600254535675049
