16
32
9.67639509517658,14.85649261795595
26.738216254126193,15.917863058880759
26.221194500282575,24.623072406709195
3.526299298907407,23.49439590375053
4.017016034475365,26.616426065943916
13.905968373785772,29.09642547666175
9.03938877412639,24.906661409869972
3.97699221662441,10.3394583970944
14.577000239576556,1.7770930122451496
8.095037596530393,20.91559321988862
4.125913819235688,23.403413505693003
31.501148954044762,6.350828128881858
2.570168801543211,8.394894630126704
13.857189824596961,29.57979011264669
9.69746861357207,3.8829109151626255
15.614721350089756,20.91153513848987
0.0,17.094801796828463,19.212404017334194,10.603633880799004,13.050846947758199,14.854796462408162,10.070336131382131,7.27233052910022,13.967341365742708,6.262059696526804,10.191059761173337,23.423625026901316,9.60472283268212,15.305375973386472,10.973601937425014,8.48099396505297
17.094801796828463,0.0,8.720549368214547,24.417144359760087,25.11398394993437,18.394050480028884,19.85061686602063,23.43484410564723,18.650912912358084,19.30143562591351,23.81910340249452,10.687080296122634,25.31184646860701,18.7768232856533,20.86209848626539,12.192985676969862
19.212404017334194,8.720549368214547,0.0,22.722943886075427,22.29347438494505,13.10250671570915,17.18414591226713,26.435320395485416,25.642270462526028,18.50143145867775,22.128917646578916,19.019800997444666,28.683179226696538,13.320572886956853,26.517688735532328,11.237116248359369
10.603633880799004,24.417144359760087,22.722943886075427,0.0,3.160359987123577,11.794925410521177,5.69110265427932,13.162655693670196,24.367175383320365,5.246293254714262,0.6064778394507193,32.809969967664614,15.129743032852787,11.989967545054036,20.55951541665969,12.361274910794378
13.050846947758199,25.11398394993437,22.29347438494505,3.160359987123577,0.0,10.195183933912794,5.305423933593752,16.277016876527707,26.9908453547598,7.009262086642833,3.2148574524939413,34.14779673840191,18.278883302377043,10.276699211959388,23.4324615141937,12.924881008426258
14.854796462408162,18.394050480028884,13.10250671570915,11.794925410521177,10.195183933912794,0.0,6.421660216423821,21.222826898258678,27.32757234124966,10.034586833124399,11.316353316840603,28.756783171266825,23.601985749764715,0.485819635442846,25.56233140334909,8.361355546915052
10.070336131382131,19.85061686602063,17.18414591226713,5.69110265427932,5.305423933593752,6.421660216423821,0.0,15.421778837761407,23.7832309622282,4.101271076594179,5.138286717744607,29.135023925371897,17.733844739432634,6.7118804246374175,21.034047493024072,7.693895788792339
7.27233052910022,23.43484410564723,26.435320395485416,13.162655693670196,16.277016876527707,21.222826898258678,15.421778837761407,0.0,13.626234662235731,11.349578209822845,13.06480389149427,27.8116589854432,2.4001000739603184,21.628885068284816,8.626172708361155,15.722771575325488
13.967341365742708,18.650912912358084,25.642270462526028,24.367175383320365,26.9908453547598,27.32757234124966,23.7832309622282,13.626234662235731,0.0,20.206385869417993,24.019220333948308,17.53128240108497,13.709824923571475,27.812013467028766,5.314536473618912,19.16256090886115
6.262059696526804,19.30143562591351,18.50143145867775,5.246293254714262,7.009262086642833,10.034586833124399,4.101271076594179,11.349578209822845,20.206385869417993,0.0,4.684356234739837,27.567706307137204,13.685469242137412,10.405321047228247,17.10789442503382,7.519684848553779
10.191059761173337,23.81910340249452,22.128917646578916,0.6064778394507193,3.2148574524939413,11.316353316840603,5.138286717744607,13.06480389149427,24.019220333948308,4.684356234739837,0.0,32.25204127988675,15.08893572782073,11.52585618006076,20.300055276111834,11.755941318241772
23.423625026901316,10.687080296122634,19.019800997444666,32.809969967664614,34.14779673840191,28.756783171266825,29.135023925371897,27.8116589854432,17.53128240108497,27.567706307137204,32.25204127988675,0.0,29.003100186806755,29.170086880309704,21.942905271711105,21.549774259498673
9.60472283268212,25.31184646860701,28.683179226696538,15.129743032852787,18.278883302377043,23.601985749764715,17.733844739432634,2.4001000739603184,13.709824923571475,13.685469242137412,15.08893572782073,29.003100186806755,0.0,24.004096320839764,8.435425280010941,18.078347291923283
15.305375973386472,18.7768232856533,13.320572886956853,11.989967545054036,10.276699211959388,0.485819635442846,6.7118804246374175,21.628885068284816,27.812013467028766,10.405321047228247,11.52585618006076,29.170086880309704,24.004096320839764,0.0,26.031382618745777,8.844634608625473
10.973601937425014,20.86209848626539,26.517688735532328,20.55951541665969,23.4324615141937,25.56233140334909,21.034047493024072,8.626172708361155,5.314536473618912,17.10789442503382,20.300055276111834,21.942905271711105,8.435425280010941,26.031382618745777,0.0,18.02742141536369
8.48099396505297,12.192985676969862,11.237116248359369,12.361274910794378,12.924881008426258,8.361355546915052,7.693895788792339,15.722771575325488,19.16256090886115,7.519684848553779,11.755941318241772,21.549774259498673,18.078347291923283,8.844634608625473,18.02742141536369,0.0
True
0.0,0.0,0.0,0.0,0.0,0.0,0.0,0.0,0.0,1.0,0.0,0.0,0.0,0.0,0.0,0.0
0.0,0.0,0.0,0.0,0.0,0.0,0.0,0.0,0.0,0.0,0.0,1.0,0.0,0.0,0.0,0.0
0.0,1.0,0.0,0.0,0.0,0.0,0.0,0.0,0.0,0.0,0.0,0.0,0.0,0.0,0.0,0.0
0.0,0.0,0.0,0.0,1.0,0.0,0.0,0.0,0.0,0.0,0.0,0.0,0.0,0.0,0.0,0.0
0.0,0.0,0.0,0.0,0.0,0.0,1.0,0.0,0.0,0.0,0.0,0.0,0.0,0.0,0.0,0.0
0.0,0.0,0.0,0.0,0.0,0.0,0.0,0.0,0.0,0.0,0.0,0.0,0.0,0.0,0.0,1.0
0.0,0.0,0.0,0.0,0.0,0.0,0.0,0.0,0.0,0.0,0.0,0.0,0.0,1.0,0.0,0.0
1.0,0.0,0.0,0.0,0.0,0.0,0.0,0.0,0.0,0.0,0.0,0.0,0.0,0.0,0.0,0.0
0.0,0.0,0.0,0.0,0.0,0.0,0.0,0.0,0.0,0.0,0.0,0.0,0.0,0.0,1.0,0.0
0.0,0.0,0.0,0.0,0.0,0.0,0.0,0.0,0.0,0.0,1.0,0.0,0.0,0.0,0.0,0.0
0.0,0.0,0.0,1.0,0.0,0.0,0.0,0.0,0.0,0.0,0.0,0.0,0.0,0.0,0.0,0.0
0.0,0.0,0.0,0.0,0.0,0.0,0.0,0.0,1.0,0.0,0.0,0.0,0.0,0.0,0.0,0.0
0.0,0.0,0.0,0.0,0.0,0.0,0.0,1.0,0.0,0.0,0.0,0.0,0.0,0.0,0.0,0.0
0.0,0.0,0.0,0.0,0.0,1.0,0.0,0.0,0.0,0.0,0.0,0.0,0.0,0.0,0.0,0.0
0.0,0.0,0.0,0.0,0.0,0.0,0.0,0.0,0.0,0.0,0.0,0.0,1.0,0.0,0.0,0.0
0.0,0.0,1.0,0.0,0.0,0.0,0.0,0.0,0.0,0.0,0.0,0.0,0.0,0.0,0.0,0.0
107.17615396890191
GUROBI,0.21118593215942383
