16
32
11.77048456200595,15.804749195433981
7.092533460607882,0.13841187437220626
23.152752893679974,20.10713175781079
27.479418895039856,10.561514507089925
13.16237602874337,28.89762949517492
30.60886089261506,2.9355326627401723
9.261581171112116,28.52922590642456
6.785222920966909,0.7405589718731918
27.41772620233918,5.503450217331864
11.610580104125397,1.3703277306386177
30.173484928856176,18.946549810899683
7.1052683746129865,5.819103953434695
30.432866606701563,1.6807143560822055
17.26425851513705,16.10326535007015
12.768619349620693,17.762480132683034
19.045156852651623,10.123399538723557
0.0,16.349842554727076,12.168259040934055,16.560861326532077,13.166657753527312,22.814494448464405,12.969460427997003,15.86766084592306,18.733737790073445,14.435307148065649,18.66926173177799,11.021676504696385,23.404547928242494,5.501878237718505,2.19749481840317,9.230308275355249
16.349842554727076,0.0,25.62577651548655,22.896859308840188,29.392781204959817,23.682093247728197,28.473550698376634,0.6760332053999177,21.021348586852223,4.682986456303337,29.77375309427881,5.68070635354073,23.3912344333455,18.929884761546784,18.515553812755634,15.57450431343739
12.168259040934055,25.62577651548655,0.0,10.480403016324482,13.30715898958393,18.72050645611955,16.24488601603542,25.35665945823068,15.213727743695838,22.00658033081445,7.116012139200253,21.486495710755605,19.812443411584827,7.120766268960494,10.645544641025719,10.795705361796063
16.560861326532077,22.896859308840188,10.480403016324482,0.0,23.263508533573486,8.243118724520443,25.587658436542107,22.906350967319984,5.058440505497557,18.338428474971483,8.807202100593514,20.918806545509018,9.359031184244365,11.621553424254781,16.37869131544026,8.445633245954834
13.166657753527312,29.392781204959817,13.30715898958393,23.263508533573486,0.0,31.27955092455808,3.9181528461159583,28.870204402016455,27.39530311304658,27.57100674671682,19.70791244384581,23.86015285605859,32.233993151515016,13.435817571317564,11.14210912024098,19.674318811075988
22.814494448464405,23.682093247728197,18.72050645611955,8.243118724520443,31.27955092455808,0.0,33.32781849086296,23.924540449249047,4.096039694468587,19.062647754122995,16.01693548555643,23.679819354057596,1.2671002215287348,18.747469075530436,23.197253923445917,13.615604332923525
12.969460427997003,28.473550698376634,16.24488601603542,25.587658436542107,3.9181528461159583,33.32781849086296,0.0,27.898787790556256,29.322891202597393,27.260292480272593,23.002943288303218,22.81226257949917,34.191605687128366,14.779964154917481,11.32352115474236,20.844490816385242
15.86766084592306,0.6760332053999177,25.35665945823068,22.906350967319984,28.870204402016455,23.924540449249047,27.898787790556256,0.0,21.175110971891133,4.866279958507953,29.638976064978916,5.088619480973504,23.666325106233188,18.596315071717253,18.04291641690037,15.438383241525232
18.733737790073445,21.021348586852223,15.213727743695838,5.058440505497557,27.39530311304658,4.096039694468587,29.322891202597393,21.175110971891133,0.0,16.33856080749723,13.72265035776099,20.314910294763074,4.868714524687468,14.678180640777155,19.101836195712668,9.562627737581082
14.435307148065649,4.682986456303337,22.00658033081445,18.338428474971483,27.57100674671682,19.062647754122995,27.260292480272593,4.866279958507953,16.33856080749723,0.0,25.56374421219767,6.331622514063661,18.824845525058503,15.780479412020412,16.433006884497974,11.484302221172088
18.66926173177799,29.77375309427881,7.116012139200253,8.807202100593514,19.70791244384581,16.01693548555643,23.002943288303218,29.638976064978916,13.72265035776099,25.56374421219767,0.0,26.541899889309622,17.26778366808069,13.218638096485517,17.4450957817413,14.201678298604154
11.021676504696385,5.68070635354073,21.486495710755605,20.918806545509018,23.86015285605859,23.679819354057596,22.81226257949917,5.088619480973504,20.314910294763074,6.331622514063661,26.541899889309622,0.0,23.69183630994477,14.455762045195405,13.218085293459012,12.692040708788204
23.404547928242494,23.3912344333455,19.812443411584827,9.359031184244365,32.233993151515016,1.2671002215287348,34.191605687128366,23.666325106233188,4.868714524687468,18.824845525058503,17.26778366808069,23.69183630994477,0.0,19.530033697958665,23.88825698230699,14.1759961390964
5.501878237718505,18.929884761546784,7.120766268960494,11.621553424254781,13.435817571317564,18.747469075530436,14.779964154917481,18.596315071717253,14.678180640777155,15.780479412020412,13.218638096485517,14.455762045195405,19.530033697958665,0.0,4.792052295349639,6.239422570260328
2.19749481840317,18.515553812755634,10.645544641025719,16.37869131544026,11.14210912024098,23.197253923445917,11.32352115474236,18.04291641690037,19.101836195712668,16.433006884497974,17.4450957817413,13.218085293459012,23.88825698230699,4.792052295349639,0.0,9.886884005993092
9.230308275355249,15.57450431343739,10.795705361796063,8.445633245954834,19.674318811075988,13.615604332923525,20.844490816385242,15.438383241525232,9.562627737581082,11.484302221172088,14.201678298604154,12.692040708788204,14.1759961390964,6.239422570260328,9.886884005993092,0.0
True
0.0,0.0,0.0,0.0,0.0,0.0,0.0,0.0,0.0,0.0,0.0,0.0,0.0,1.0,0.0,0.0
0.0,0.0,0.0,0.0,0.0,0.0,0.0,0.0,0.0,1.0,0.0,0.0,0.0,0.0,0.0,0.0
0.0,0.0,0.0,0.0,1.0,0.0,0.0,0.0,0.0,0.0,0.0,0.0,0.0,0.0,0.0,0.0
0.0,0.0,0.0,0.0,0.0,0.0,0.0,0.0,0.0,0.0,1.0,0.0,0.0,0.0,0.0,0.0
0.0,0.0,0.0,0.0,0.0,0.0,1.0,0.0,0.0,0.0,0.0,0.0,0.0,0.0,0.0,0.0
0.0,0.0,0.0,0.0,0.0,0.0,0.0,0.0,1.0,0.0,0.0,0.0,0.0,0.0,0.0,0.0
0.0,0.0,0.0,0.0,0.0,0.0,0.0,0.0,0.0,0.0,0.0,0.0,0.0,0.0,1.0,0.0
0.0,1.0,0.0,0.0,0.0,0.0,0.0,0.0,0.0,0.0,0.0,0.0,0.0,0.0,0.0,0.0
0.0,0.0,0.0,1.0,0.0,0.0,0.0,0.0,0.0,0.0,0.0,0.0,0.0,0.0,0.0,0.0
0.0,0.0,0.0,0.0,0.0,0.0,0.0,0.0,0.0,0.0,0.0,0.0,1.0,0.0,0.0,0.0
0.0,0.0,1.0,0.0,0.0,0.0,0.0,0.0,0.0,0.0,0.0,0.0,0.0,0.0,0.0,0.0
0.0,0.0,0.0,0.0,0.0,0.0,0.0,1.0,0.0,0.0,0.0,0.0,0.0,0.0,0.0,0.0
0.0,0.0,0.0,0.0,0.0,1.0,0.0,0.0,0.0,0.0,0.0,0.0,0.0,0.0,0.0,0.0
0.0,0.0,0.0,0.0,0.0,0.0,0.0,0.0,0.0,0.0,0.0,0.0,0.0,0.0,0.0,1.0
1.0,0.0,0.0,0.0,0.0,0.0,0.0,0.0,0.0,0.0,0.0,0.0,0.0,0.0,0.0,0.0
0.0,0.0,0.0,0.0,0.0,0.0,0.0,0.0,0.0,0.0,0.0,1.0,0.0,0.0,0.0,0.0
110.79694865463638
GUROBI,0.38382720947265625
