16
32
0.5542538930527421,15.26698697542404
15.759548601665028,5.026800396223059
0.32470026687280296,2.8287994671667427
31.268027789780003,18.407274888981533
29.686036452607556,19.02396944355139
25.87946810101199,29.32842102547194
30.31824571976569,14.903618030644797
26.55792992343589,10.60355628068342
20.676214284818617,21.06741528077905
8.894439352756695,20.621339710809487
30.70319793670063,0.9480045333065448
29.836243943134296,22.10739832410553
6.087661389749865,16.153501790754824
2.3317232422519254,17.88577956440599
14.89029006789243,29.7898646198056
0.7988951329500189,4.5557063127063735
0.0,18.332005028163195,12.44030559744656,30.87389374794375,29.373043294200862,28.967057189553575,29.766209809961786,26.418530484070683,20.941305081903522,9.910993225564573,33.37651996725663,30.070353651266654,5.603972434113581,3.165039006307719,20.406761337360464,10.714074051067964
18.332005028163195,0.0,15.59056609627023,20.482920308870888,19.745070402557094,26.324542462903278,17.592816385110623,12.153404682031825,16.77721452788094,17.03876114726738,15.490294740251228,22.13368874161118,14.742757074681899,18.591929408500352,24.778316329803566,14.968068741374047
12.44030559744656,15.59056609627023,0.0,34.64359124943593,33.5316506181209,36.81407477840708,32.33286272781403,27.361088825617028,27.328213070363635,19.748795313177276,30.43666391474218,35.25046927407707,14.517555335387085,15.190154405810313,30.644011493543143,1.7908288651307882
30.87389374794375,20.482920308870888,34.64359124943593,0.0,1.6979425091930471,12.178177550602346,3.630109827744984,9.114990182553,10.920753647434552,22.482872204959914,17.46840445248166,3.9674826299140116,25.2810273766328,28.94100340763686,19.944764773423643,33.46989687589068
29.373043294200862,19.745070402557094,33.5316506181209,1.6979425091930471,0.0,10.985066454942997,4.1685710169459735,8.982672669715098,9.238645267833592,20.85286794983479,18.104560887277145,3.0870853489409233,23.772313521259456,27.377982529967863,18.298049350324323,32.30785619079723
28.967057189553575,26.324542462903278,36.81407477840708,12.178177550602346,10.985066454942997,0.0,15.092305595512002,18.737152135666477,9.763097161740216,19.086761553474776,28.78743492908818,8.234029628222848,23.775914487928315,26.18072442732948,10.998861942689755,35.25226992189797
29.766209809961786,17.592816385110623,32.33286272781403,3.630109827744984,4.1685710169459735,15.092305595512002,0.0,5.712311786099243,11.443826577385298,22.173674040693403,13.960921756689732,7.2198875496180035,24.262799228196968,28.144959189841227,21.438800178868913,31.2805264659913
26.418530484070683,12.153404682031825,27.361088825617028,9.114990182553,8.982672669715098,18.737152135666477,5.712311786099243,0.0,12.003621288071248,20.30652318821174,10.507755538080835,11.96184453049601,21.209285443078414,25.297032753139913,22.455472550862417,26.459485304378493
20.941305081903522,16.77721452788094,27.328213070363635,10.920753647434552,9.238645267833592,9.763097161740216,11.443826577385298,12.003621288071248,0.0,11.790216451104126,22.479570502583478,9.218877809778665,15.393908579683748,18.61835539038049,10.466997731723152,25.84074979004235
9.910993225564573,17.03876114726738,19.748795313177276,22.482872204959914,20.85286794983479,19.086761553474776,22.173674040693403,20.30652318821174,11.790216451104126,0.0,29.371109410083964,20.994464739633436,5.27632241371764,7.110030384018761,10.955002273166166,17.990064277180654
33.37651996725663,15.490294740251228,30.43666391474218,17.46840445248166,18.104560887277145,28.78743492908818,13.960921756689732,10.507755538080835,22.479570502583478,29.371109410083964,0.0,21.177146994367853,28.93322979448606,33.042832798382754,32.89226274546346,30.121136072656544
30.070353651266654,22.13368874161118,35.25046927407707,3.9674826299140116,3.0870853489409233,8.234029628222848,7.2198875496180035,11.96184453049601,9.218877809778665,20.994464739633436,21.177146994367853,0.0,24.48354666351999,27.826618981427007,16.804815548687966,33.9297733323894
5.603972434113581,14.742757074681899,14.517555335387085,25.2810273766328,23.772313521259456,23.775914487928315,24.262799228196968,21.209285443078414,15.393908579683748,5.27632241371764,28.93322979448606,24.48354666351999,0.0,4.13616460660309,16.230732049133692,12.746760704967585
3.165039006307719,18.591929408500352,15.190154405810313,28.94100340763686,27.377982529967863,26.18072442732948,28.144959189841227,25.297032753139913,18.61835539038049,7.110030384018761,33.042832798382754,27.826618981427007,4.13616460660309,0.0,17.303896720688854,13.417913955169919
20.406761337360464,24.778316329803566,30.644011493543143,19.944764773423643,18.298049350324323,10.998861942689755,21.438800178868913,22.455472550862417,10.466997731723152,10.955002273166166,32.89226274546346,16.804815548687966,16.230732049133692,17.303896720688854,0.0,28.90207876053668
10.714074051067964,14.968068741374047,1.7908288651307882,33.46989687589068,32.30785619079723,35.25226992189797,31.2805264659913,26.459485304378493,25.84074979004235,17.990064277180654,30.121136072656544,33.9297733323894,12.746760704967585,13.417913955169919,28.90207876053668,0.0
True
0.0,0.0,0.0,0.0,0.0,0.0,0.0,0.0,0.0,0.0,0.0,0.0,0.0,1.0,0.0,0.0
0.0,0.0,1.0,0.0,0.0,0.0,0.0,0.0,0.0,0.0,0.0,0.0,0.0,0.0,0.0,0.0
0.0,0.0,0.0,0.0,0.0,0.0,0.0,0.0,0.0,0.0,0.0,0.0,0.0,0.0,0.0,1.0
0.0,0.0,0.0,0.0,0.0,0.0,1.0,0.0,0.0,0.0,0.0,0.0,0.0,0.0,0.0,0.0
0.0,0.0,0.0,1.0,0.0,0.0,0.0,0.0,0.0,0.0,0.0,0.0,0.0,0.0,0.0,0.0
0.0,0.0,0.0,0.0,0.0,0.0,0.0,0.0,0.0,0.0,0.0,1.0,0.0,0.0,0.0,0.0
0.0,0.0,0.0,0.0,0.0,0.0,0.0,1.0,0.0,0.0,0.0,0.0,0.0,0.0,0.0,0.0
0.0,0.0,0.0,0.0,0.0,0.0,0.0,0.0,0.0,0.0,1.0,0.0,0.0,0.0,0.0,0.0
0.0,0.0,0.0,0.0,0.0,1.0,0.0,0.0,0.0,0.0,0.0,0.0,0.0,0.0,0.0,0.0
0.0,0.0,0.0,0.0,0.0,0.0,0.0,0.0,0.0,0.0,0.0,0.0,0.0,0.0,1.0,0.0
0.0,1.0,0.0,0.0,0.0,0.0,0.0,0.0,0.0,0.0,0.0,0.0,0.0,0.0,0.0,0.0
0.0,0.0,0.0,0.0,1.0,0.0,0.0,0.0,0.0,0.0,0.0,0.0,0.0,0.0,0.0,0.0
0.0,0.0,0.0,0.0,0.0,0.0,0.0,0.0,0.0,1.0,0.0,0.0,0.0,0.0,0.0,0.0
0.0,0.0,0.0,0.0,0.0,0.0,0.0,0.0,0.0,0.0,0.0,0.0,1.0,0.0,0.0,0.0
0.0,0.0,0.0,0.0,0.0,0.0,0.0,0.0,1.0,0.0,0.0,0.0,0.0,0.0,0.0,0.0
1.0,0.0,0.0,0.0,0.0,0.0,0.0,0.0,0.0,0.0,0.0,0.0,0.0,0.0,0.0,0.0
120.21762158426007
GUROBI,0.12003946304321289
