16
32
11.6564552088909,17.918483115282168
25.657935728734365,1.845458767397968
31.4522287156122,3.8949416166197395
13.89332324968121,24.555440479773026
19.036459406228598,14.558097893481534
16.490670640399927,23.015815752157437
16.86717614873293,8.377173212777983
25.974044911250182,27.12798748202495
2.5730639507757616,16.310548191735784
28.981286101326457,18.73321044452402
22.114814077798663,24.66397605558174
0.8249602586380327,11.347257382445342
11.213213157519437,8.773025845108197
20.97738090090518,5.912856701349515
10.057529020590824,30.297029410205365
2.2244891016423693,6.174310738370668
0.0,21.31627473165127,24.259686001556496,7.003769105987041,8.109047465123023,7.025129098400526,10.871439985969321,17.02375826796653,9.22461118239477,17.343977227628702,12.445036972162558,12.668949857397426,9.156192013969669,15.199168442614527,12.4813850726267,15.062787572919433
21.31627473165127,0.0,6.146072824742305,25.5763440733562,14.333706507373982,23.06995370740803,10.95174632601454,25.284504804745705,27.24243228969982,17.21164763778534,23.09195622428882,26.588735352011806,16.020024836920218,6.200912791632245,32.4478745298078,23.829926147836957
24.259686001556496,6.146072824742305,0.0,27.114043859886696,16.366252757690408,24.27871594102588,15.258248866112744,23.870167950360056,31.434908050488,15.04259881843058,22.77147565805177,31.52089122168245,20.818584401945987,10.667446649993257,33.98239860428264,29.316484893916137
7.003769105987041,25.5763440733562,27.114043859886696,0.0,11.242718012672135,3.0193803619217476,16.44932013268395,12.351592364674975,14.004517822324024,16.172352506545938,8.222207210234703,18.580586965922247,16.008360372211452,19.943164311146923,6.90500983445978,21.77217538384035
8.109047465123023,14.333706507373982,16.366252757690408,11.242718012672135,0.0,8.832555225821391,6.550543470566493,14.357305349809126,16.556402748498133,10.785691577706247,10.564328701398452,18.492382161041423,9.729863332689336,8.860438562432101,18.120020865281916,18.78643746388578
7.025129098400526,23.06995370740803,24.27871594102588,3.0193803619217476,8.832555225821391,0.0,14.643483594880518,10.336553772749706,15.448637125129007,13.204400130778634,5.860667350244251,19.533810078748605,15.189095490514072,17.681679141284512,9.716037434811776,22.071706477438298
10.871439985969321,10.95174632601454,15.258248866112744,16.44932013268395,6.550543470566493,14.643483594880518,0.0,20.845337474301253,16.348091083809805,15.937351319740543,17.111331060876882,16.314842648316343,5.667803526281993,4.792352133689502,22.953243555665715,14.807460519622722
17.02375826796653,25.284504804745705,23.870167950360056,12.351592364674975,14.357305349809126,10.336553772749706,20.845337474301253,0.0,25.780281276812676,8.917162165433814,4.578756920333902,29.690198742009624,23.553912005325817,21.79560564135439,16.228934186821306,31.671721933473
9.22461118239477,27.24243228969982,31.434908050488,14.004517822324024,16.556402748498133,15.448637125129007,16.348091083809805,25.780281276812676,0.0,26.51911554980523,21.25228823217579,5.262140455751113,11.465880752942775,21.138374363466838,15.863129396682236,10.142229248860927
17.343977227628702,17.21164763778534,15.04259881843058,16.172352506545938,10.785691577706247,13.204400130778634,15.937351319740543,8.917162165433814,26.51911554980523,0.0,9.0731702719168,29.10895030046383,20.36933217832355,15.113701352000417,22.177251658439186,29.557607269728756
12.445036972162558,23.09195622428882,22.77147565805177,8.222207210234703,10.564328701398452,5.860667350244251,17.111331060876882,4.578756920333902,21.25228823217579,9.0731702719168,0.0,25.111608308921355,19.270889995451224,18.785585731314324,13.308246054488318,27.156817766439147
12.668949857397426,26.588735352011806,31.52089122168245,18.580586965922247,18.492382161041423,19.533810078748605,16.314842648316343,29.690198742009624,5.262140455751113,29.10895030046383,25.111608308921355,0.0,10.702451415397272,20.87229667539176,21.07923589336821,5.358923209455841
9.156192013969669,16.020024836920218,20.818584401945987,16.008360372211452,9.729863332689336,15.189095490514072,5.667803526281993,23.553912005325817,11.465880752942775,20.36933217832355,19.270889995451224,10.702451415397272,0.0,10.17445523120938,21.555007197740945,9.356841366545066
15.199168442614527,6.200912791632245,10.667446649993257,19.943164311146923,8.860438562432101,17.681679141284512,4.792352133689502,21.79560564135439,21.138374363466838,15.113701352000417,18.785585731314324,20.87229667539176,10.17445523120938,0.0,26.717616730975752,18.75471431529505
12.4813850726267,32.4478745298078,33.98239860428264,6.90500983445978,18.120020865281916,9.716037434811776,22.953243555665715,16.228934186821306,15.863129396682236,22.177251658439186,13.308246054488318,21.07923589336821,21.555007197740945,26.717616730975752,0.0,25.362611665448068
15.062787572919433,23.829926147836957,29.316484893916137,21.77217538384035,18.78643746388578,22.071706477438298,14.807460519622722,31.671721933473,10.142229248860927,29.557607269728756,27.156817766439147,5.358923209455841,9.356841366545066,18.75471431529505,25.362611665448068,0.0
True
0.0,0.0,0.0,0.0,0.0,0.0,0.0,0.0,1.0,0.0,0.0,0.0,0.0,0.0,0.0,0.0
0.0,0.0,1.0,0.0,0.0,0.0,0.0,0.0,0.0,0.0,0.0,0.0,0.0,0.0,0.0,0.0
0.0,0.0,0.0,0.0,0.0,0.0,0.0,0.0,0.0,1.0,0.0,0.0,0.0,0.0,0.0,0.0
0.0,0.0,0.0,0.0,0.0,0.0,0.0,0.0,0.0,0.0,0.0,0.0,0.0,0.0,1.0,0.0
0.0,0.0,0.0,0.0,0.0,0.0,1.0,0.0,0.0,0.0,0.0,0.0,0.0,0.0,0.0,0.0
0.0,0.0,0.0,1.0,0.0,0.0,0.0,0.0,0.0,0.0,0.0,0.0,0.0,0.0,0.0,0.0
0.0,0.0,0.0,0.0,0.0,0.0,0.0,0.0,0.0,0.0,0.0,0.0,0.0,1.0,0.0,0.0
0.0,0.0,0.0,0.0,0.0,0.0,0.0,0.0,0.0,0.0,1.0,0.0,0.0,0.0,0.0,0.0
0.0,0.0,0.0,0.0,0.0,0.0,0.0,0.0,0.0,0.0,0.0,1.0,0.0,0.0,0.0,0.0
0.0,0.0,0.0,0.0,0.0,0.0,0.0,1.0,0.0,0.0,0.0,0.0,0.0,0.0,0.0,0.0
0.0,0.0,0.0,0.0,0.0,1.0,0.0,0.0,0.0,0.0,0.0,0.0,0.0,0.0,0.0,0.0
0.0,0.0,0.0,0.0,0.0,0.0,0.0,0.0,0.0,0.0,0.0,0.0,0.0,0.0,0.0,1.0
0.0,0.0,0.0,0.0,1.0,0.0,0.0,0.0,0.0,0.0,0.0,0.0,0.0,0.0,0.0,0.0
0.0,1.0,0.0,0.0,0.0,0.0,0.0,0.0,0.0,0.0,0.0,0.0,0.0,0.0,0.0,0.0
1.0,0.0,0.0,0.0,0.0,0.0,0.0,0.0,0.0,0.0,0.0,0.0,0.0,0.0,0.0,0.0
0.0,0.0,0.0,0.0,0.0,0.0,0.0,0.0,0.0,0.0,0.0,0.0,1.0,0.0,0.0,0.0
119.42722129091744
GUROBI,0.4447340965270996
