16
32
9.006770458806578,3.0974334069678626
3.8914507952686286,24.614149587746596
7.321244887132629,1.6092123338641748
14.432559984999859,8.786695024621057
16.26210309871761,29.37161172245815
1.6858544402780993,31.531820941454686
8.34749482796295,6.4729983898560945
22.425678389368212,21.506484416799577
24.47318858827361,4.851079662122537
29.94877705575982,11.24080850892345
15.513708072463455,15.767759107967283
6.257096789110811,12.442411575593027
8.420280060897209,18.82255143348391
22.074554754415807,28.285041846248458
18.064368990932856,16.864333737206643
14.24584987141585,11.249320464416016
0.0,22.1164095292243,2.248510265753013,7.861735796670513,27.257518189848806,29.361713264244756,3.439343441868737,22.78069904834959,15.56551846048581,22.469583849239026,14.243503448148882,9.741115042021582,15.736051217973962,28.375739731099348,16.479309326300804,9.690263963846238
22.1164095292243,0.0,23.259205179189863,19.016395581119983,13.253923357860563,7.260773528974791,18.68040939610357,18.792955470723587,28.533959827985946,29.28874363055238,14.606008651854145,12.39949544153655,7.352067987829877,18.549952009713735,16.153366704754475,16.9065738020435
2.248510265753013,23.259205179189863,0.0,10.103814141069156,29.166586453876803,30.44864744732595,4.97087555059626,24.980899658855705,17.45562592693653,24.592129979358738,16.3579002258073,10.885339543878182,17.24838894713559,30.48376669989894,18.658334452473802,11.869365566747522
7.861735796670513,19.016395581119983,10.103814141069156,0.0,20.66605969849706,26.073343767465985,6.510085259280967,15.022748883198084,10.784400355625406,15.709094982868288,7.064286016492599,8.955582726343762,11.69897105497237,20.942435694833783,8.856539043364362,2.4696932447654034
27.257518189848806,13.253923357860563,29.166586453876803,20.66605969849706,0.0,14.735451429206275,24.227825256005104,9.99249157606524,25.858817015454203,22.716757452909025,13.624422962904228,19.66463752190439,13.144461249397182,5.913140311688457,12.636461725760082,18.234108629651057
29.361713264244756,7.260773528974791,30.44864744732595,26.073343767465985,14.735451429206275,0.0,25.929173537298485,23.035791062427954,35.08738452474138,34.79249890861312,20.96938677127102,19.62910610672856,14.383254842555175,20.64559698804535,21.986152909792782,23.85651506048767
3.439343441868737,18.68040939610357,4.97087555059626,6.510085259280967,24.227825256005104,25.929173537298485,0.0,20.59613931082537,16.207054624782845,22.12119814152059,11.73657484416119,6.324844483691819,12.349767530909652,25.77202774265108,14.226647314110554,7.589719677205123
22.78069904834959,18.792955470723587,24.980899658855705,15.022748883198084,9.99249157606524,23.035791062427954,20.59613931082537,0.0,16.780786797904923,12.72718018218535,8.983779930074242,18.53592316111826,14.260248195528298,6.7876452935726395,6.369504109499083,13.119413360710283
15.56551846048581,28.533959827985946,17.45562592693653,10.784400355625406,25.858817015454203,35.08738452474138,16.207054624782845,16.780786797904923,0.0,8.414909613353412,14.122541599744396,19.734597048229837,21.28139787810617,23.556400996671183,13.615845258513472,12.063827858249258
22.469583849239026,29.28874363055238,24.592129979358738,15.709094982868288,22.716757452909025,34.79249890861312,22.12119814152059,12.72718018218535,8.414909613353412,0.0,15.128268185047093,23.722132361719844,22.824526471143514,18.77523014261515,13.14774471323739,15.702929491346357
14.243503448148882,14.606008651854145,16.3579002258073,7.064286016492599,13.624422962904228,20.96938677127102,11.73657484416119,8.983779930074242,14.122541599744396,15.128268185047093,0.0,9.835791206718403,7.723242654954455,14.132483020833849,2.7763910096559896,4.69294706911351
9.741115042021582,12.39949544153655,10.885339543878182,8.955582726343762,19.66463752190439,19.62910610672856,6.324844483691819,18.53592316111826,19.734597048229837,23.722132361719844,9.835791206718403,0.0,6.736879579863691,22.387070160627946,12.608135169456633,8.077353663769332
15.736051217973962,7.352067987829877,17.24838894713559,11.69897105497237,13.144461249397182,14.383254842555175,12.349767530909652,14.260248195528298,21.28139787810617,22.824526471143514,7.723242654954455,6.736879579863691,0.0,16.612583851337618,9.840887553287535,9.554637142669272
28.375739731099348,18.549952009713735,30.48376669989894,20.942435694833783,5.913140311688457,20.64559698804535,25.77202774265108,6.7876452935726395,23.556400996671183,18.77523014261515,14.132483020833849,22.387070160627946,16.612583851337618,0.0,12.104303514435466,18.74845121988828
16.479309326300804,16.153366704754475,18.658334452473802,8.856539043364362,12.636461725760082,21.986152909792782,14.226647314110554,6.369504109499083,13.615845258513472,13.14774471323739,2.7763910096559896,12.608135169456633,9.840887553287535,12.104303514435466,0.0,6.790394857424113
9.690263963846238,16.9065738020435,11.869365566747522,2.4696932447654034,18.234108629651057,23.85651506048767,7.589719677205123,13.119413360710283,12.063827858249258,15.702929491346357,4.69294706911351,8.077353663769332,9.554637142669272,18.74845121988828,6.790394857424113,0.0
True
0.0,0.0,1.0,0.0,0.0,0.0,0.0,0.0,0.0,0.0,0.0,0.0,0.0,0.0,0.0,0.0
0.0,0.0,0.0,0.0,0.0,1.0,0.0,0.0,0.0,0.0,0.0,0.0,0.0,0.0,0.0,0.0
0.0,0.0,0.0,0.0,0.0,0.0,1.0,0.0,0.0,0.0,0.0,0.0,0.0,0.0,0.0,0.0
1.0,0.0,0.0,0.0,0.0,0.0,0.0,0.0,0.0,0.0,0.0,0.0,0.0,0.0,0.0,0.0
0.0,0.0,0.0,0.0,0.0,0.0,0.0,0.0,0.0,0.0,0.0,0.0,0.0,1.0,0.0,0.0
0.0,0.0,0.0,0.0,1.0,0.0,0.0,0.0,0.0,0.0,0.0,0.0,0.0,0.0,0.0,0.0
0.0,0.0,0.0,0.0,0.0,0.0,0.0,0.0,0.0,0.0,0.0,1.0,0.0,0.0,0.0,0.0
0.0,0.0,0.0,0.0,0.0,0.0,0.0,0.0,0.0,1.0,0.0,0.0,0.0,0.0,0.0,0.0
0.0,0.0,0.0,0.0,0.0,0.0,0.0,0.0,0.0,0.0,0.0,0.0,0.0,0.0,1.0,0.0
0.0,0.0,0.0,0.0,0.0,0.0,0.0,0.0,1.0,0.0,0.0,0.0,0.0,0.0,0.0,0.0
0.0,0.0,0.0,0.0,0.0,0.0,0.0,0.0,0.0,0.0,0.0,0.0,0.0,0.0,0.0,1.0
0.0,0.0,0.0,0.0,0.0,0.0,0.0,0.0,0.0,0.0,0.0,0.0,1.0,0.0,0.0,0.0
0.0,1.0,0.0,0.0,0.0,0.0,0.0,0.0,0.0,0.0,0.0,0.0,0.0,0.0,0.0,0.0
0.0,0.0,0.0,0.0,0.0,0.0,0.0,1.0,0.0,0.0,0.0,0.0,0.0,0.0,0.0,0.0
0.0,0.0,0.0,0.0,0.0,0.0,0.0,0.0,0.0,0.0,1.0,0.0,0.0,0.0,0.0,0.0
0.0,0.0,0.0,1.0,0.0,0.0,0.0,0.0,0.0,0.0,0.0,0.0,0.0,0.0,0.0,0.0
114.88889060543448
GUROBI,0.31994152069091797
