16
32
8.951009361398935,5.103539539556628
10.717875925779332,21.938372885192464
21.98415225734322,26.9145426588908
26.305723207399886,8.373358464373755
7.321188838667641,25.447773472138152
27.36835158323743,31.976105181006
22.84067496222824,15.574483411682703
12.4175249268167,10.3964008788205
25.504549504910315,11.129016937153395
1.4674370898692395,8.320311295902933
11.91334355905003,0.9073717541850428
11.745614189448759,6.023460228080513
30.533659508667,6.941993022400322
16.425141151597,29.449937872132967
1.7589495723504278,0.7911295480896072
26.836204012144442,11.1176290823459
0.0,16.9272984032201,25.408318929392156,17.66006252756964,20.40941374072067,32.57811042203523,17.39435184409225,6.327014408230615,17.616074169683557,8.14564144040452,5.136462594194903,2.942120021027973,21.66081020155872,25.467818080584077,8.385857376783429,18.86927292514852
16.9272984032201,0.0,12.316300093608696,20.663750848094953,4.88399177388804,19.442078316425505,13.691652409741305,11.666444382184375,18.316328549880783,16.462752506995802,21.06495078168077,15.948062290513931,24.850687877662423,9.433794830865153,22.966677212100233,19.41362914929995
25.408318929392156,12.316300093608696,0.0,19.038158703282793,14.736142916809174,7.389791441322339,11.372360127703194,19.08846160243619,16.17331193949808,27.68900578286585,27.888960652992992,23.265102340171087,21.72548764061497,6.109896346186332,33.03772898076711,16.525280172393394
17.66006252756964,20.663750848094953,19.038158703282793,0.0,25.533276191177386,23.626655108894052,7.991417887216411,14.034769399297028,2.8697618228980373,24.838342763928484,16.21362234354031,14.748518445442437,4.463659081521353,23.2776309209729,25.691132540806656,2.795072648227171
20.40941374072067,4.88399177388804,14.736142916809174,25.533276191177386,0.0,21.083354785429105,18.39392035856626,15.890766453077214,23.144359870751014,18.100175969722738,24.966361397978005,19.921834370557036,29.686406058320355,9.944811089240343,25.27624567163963,24.211337333020747
32.57811042203523,19.442078316425505,7.389791441322339,23.626655108894052,21.083354785429105,0.0,17.015083080854268,26.252825666585,20.930237610551725,35.077827126651535,34.70048227005727,30.292073282096286,25.23342913344193,11.231000659940447,40.35274682820009,20.865263147053643
17.39435184409225,13.691652409741305,11.372360127703194,7.991417887216411,18.39392035856626,17.015083080854268,0.0,11.638496267896132,5.182509021247689,22.57074013482495,18.29018140884306,14.639754690751362,11.562953842024896,15.286834550010074,25.748528052501012,5.985633041011827
6.327014408230615,11.666444382184375,19.08846160243619,14.034769399297028,15.890766453077214,26.252825666585,11.638496267896132,0.0,13.107514585021585,11.145159110266823,9.502414039589256,4.424259709136049,18.442539570954153,19.470445802822518,14.34804746032702,14.436705880748148
17.616074169683557,18.316328549880783,16.17331193949808,2.8697618228980373,23.144359870751014,20.930237610551725,5.182509021247689,13.107514585021585,0.0,24.200652896823136,17.005966873697247,14.67566047319896,6.543937399807528,20.447293218223002,25.898367358313386,1.3317031988675563
8.14564144040452,16.462752506995802,27.68900578286585,24.838342763928484,18.100175969722738,35.077827126651535,22.57074013482495,11.145159110266823,24.200652896823136,0.0,12.808927925944378,10.531687866532973,29.09888394701922,25.888105957160207,7.5348229786138745,25.522525775382707
5.136462594194903,21.06495078168077,27.888960652992992,16.21362234354031,24.966361397978005,34.70048227005727,18.29018140884306,9.502414039589256,17.005966873697247,12.808927925944378,0.0,5.118837213093704,19.573778886928203,28.896961745372842,10.155059304976952,18.08151317809966
2.942120021027973,15.948062290513931,23.265102340171087,14.748518445442437,19.921834370557036,30.292073282096286,14.639754690751362,4.424259709136049,14.67566047319896,10.531687866532973,5.118837213093704,0.0,18.810485092395663,23.889282689037813,11.274340535888467,15.927223785475423
21.66081020155872,24.850687877662423,21.72548764061497,4.463659081521353,29.686406058320355,25.23342913344193,11.562953842024896,18.442539570954153,6.543937399807528,29.09888394701922,19.573778886928203,18.810485092395663,0.0,26.56422164473086,29.424769385651356,5.577375158072362
25.467818080584077,9.433794830865153,6.109896346186332,23.2776309209729,9.944811089240343,11.231000659940447,15.286834550010074,19.470445802822518,20.447293218223002,25.888105957160207,28.896961745372842,23.889282689037813,26.56422164473086,0.0,32.19354702410749,21.082309537865495
8.385857376783429,22.966677212100233,33.03772898076711,25.691132540806656,25.27624567163963,40.35274682820009,25.748528052501012,14.34804746032702,25.898367358313386,7.5348229786138745,10.155059304976952,11.274340535888467,29.424769385651356,32.19354702410749,0.0,27.120200642125862
18.86927292514852,19.41362914929995,16.525280172393394,2.795072648227171,24.211337333020747,20.865263147053643,5.985633041011827,14.436705880748148,1.3317031988675563,25.522525775382707,18.08151317809966,15.927223785475423,5.577375158072362,21.082309537865495,27.120200642125862,0.0
True
0.0,0.0,0.0,0.0,0.0,0.0,0.0,0.0,0.0,0.0,0.0,1.0,0.0,0.0,0.0,0.0
0.0,0.0,0.0,0.0,0.0,0.0,0.0,0.0,0.0,1.0,0.0,0.0,0.0,0.0,0.0,0.0
0.0,0.0,0.0,0.0,0.0,1.0,0.0,0.0,0.0,0.0,0.0,0.0,0.0,0.0,0.0,0.0
0.0,0.0,0.0,0.0,0.0,0.0,0.0,0.0,0.0,0.0,0.0,0.0,1.0,0.0,0.0,0.0
0.0,1.0,0.0,0.0,0.0,0.0,0.0,0.0,0.0,0.0,0.0,0.0,0.0,0.0,0.0,0.0
0.0,0.0,0.0,0.0,0.0,0.0,0.0,0.0,0.0,0.0,0.0,0.0,0.0,1.0,0.0,0.0
0.0,0.0,1.0,0.0,0.0,0.0,0.0,0.0,0.0,0.0,0.0,0.0,0.0,0.0,0.0,0.0
0.0,0.0,0.0,1.0,0.0,0.0,0.0,0.0,0.0,0.0,0.0,0.0,0.0,0.0,0.0,0.0
0.0,0.0,0.0,0.0,0.0,0.0,1.0,0.0,0.0,0.0,0.0,0.0,0.0,0.0,0.0,0.0
0.0,0.0,0.0,0.0,0.0,0.0,0.0,0.0,0.0,0.0,0.0,0.0,0.0,0.0,1.0,0.0
1.0,0.0,0.0,0.0,0.0,0.0,0.0,0.0,0.0,0.0,0.0,0.0,0.0,0.0,0.0,0.0
0.0,0.0,0.0,0.0,0.0,0.0,0.0,1.0,0.0,0.0,0.0,0.0,0.0,0.0,0.0,0.0
0.0,0.0,0.0,0.0,0.0,0.0,0.0,0.0,0.0,0.0,0.0,0.0,0.0,0.0,0.0,1.0
0.0,0.0,0.0,0.0,1.0,0.0,0.0,0.0,0.0,0.0,0.0,0.0,0.0,0.0,0.0,0.0
0.0,0.0,0.0,0.0,0.0,0.0,0.0,0.0,0.0,0.0,1.0,0.0,0.0,0.0,0.0,0.0
0.0,0.0,0.0,0.0,0.0,0.0,0.0,0.0,1.0,0.0,0.0,0.0,0.0,0.0,0.0,0.0
122.06744806604591
GUROBI,0.7976357936859131
