16
32
7.562566448187354,17.543102296559788
6.455394602700203,27.071392090468223
13.529665231228435,4.31793498125251
5.272814577494525,29.799819285142632
22.53547214225625,28.069720713906168
4.207048518343051,21.939027619063125
5.3037490131243175,13.880259479693912
1.1191131007476187,29.32955658969917
11.310377283064796,3.6096077128947037
26.4311891179568,16.077131598594338
10.195450208435307,13.864433269738651
6.515170005741815,23.901158612638834
30.588987901008224,10.37685974701138
12.122634396556805,13.584646275900582
0.6744133033072544,14.637168055222197
3.090213603215801,30.08149711885526
0.0,9.5923999026385,14.509008181279734,12.468763971122263,18.302939660827622,5.530249543965686,4.303332860238759,13.432743422134442,14.428733740943763,18.92548523925954,4.523790744925164,6.443750416184679,24.11578564347194,6.038509233348864,7.476035551166132,13.31214801186086
9.5923999026385,0.0,23.827822295513627,2.97368634402728,16.111038256999777,5.603233457780022,13.241309116511973,5.794411719378274,23.958843523976547,22.801450179296374,13.726316957816369,3.17079696649896,29.345148417666326,14.629077877563903,13.712391189818826,4.514994511758765
14.509008181279734,23.827822295513627,0.0,26.78622799863594,25.4018086680576,19.935247380598852,12.613633395685834,27.92137209500095,2.32958505231374,17.45646080066421,10.112003727762772,20.801581455871627,18.103343869815568,9.372922382484285,16.48466176071657,27.798260454779065
12.468763971122263,2.97368634402728,26.78622799863594,0.0,17.349137940094305,7.932710943324753,15.919589860877894,4.18023718952109,26.87711564924336,25.2188217515614,16.67839527697256,6.0280713946865685,31.90861935223883,17.60260967224094,15.844598025783261,2.2007020277464813
18.302939660827622,16.111038256999777,25.4018086680576,17.349137940094305,0.0,19.326575236207155,22.322031540974777,21.453382507864433,26.912820042130413,12.609472805928773,18.816650411234335,16.55376061616608,19.43955877252196,17.839410623471448,25.658124726649604,19.549049182853764
5.530249543965686,5.603233457780022,19.935247380598852,7.932710943324753,19.326575236207155,0.0,8.13304960635098,8.009698097247545,19.657693497365518,22.984217418615497,10.052861717344097,3.029419554393595,28.804347788001124,11.50878740017207,8.111514325486102,8.218706089324066
4.303332860238759,13.241309116511973,12.613633395685834,15.919589860877894,22.322031540974777,8.13304960635098,0.0,16.0059975919144,11.898145691161453,21.241350533572156,4.891726796656628,10.093857550709275,25.526792107593867,6.825290106555632,4.690805869559697,16.351753424373094
13.432743422134442,5.794411719378274,27.92137209500095,4.18023718952109,21.453382507864433,8.009698097247545,16.0059975919144,0.0,27.665459256249775,28.57145359350546,17.93181347755924,7.654079612813567,35.03823965831992,19.20884384071273,14.699116938029777,2.109656784933953
14.428733740943763,23.958843523976547,2.32958505231374,26.87711564924336,26.912820042130413,19.657693497365518,11.898145691161453,27.665459256249775,0.0,19.597910663810595,10.315256156928031,20.85044485735012,20.43185080827328,10.00805455380179,15.320927415870553,27.71880263728784
18.92548523925954,22.801450179296374,17.45646080066421,25.2188217515614,12.609472805928773,22.984217418615497,21.241350533572156,28.57145359350546,19.597910663810595,0.0,16.385824722383397,21.39773857197556,7.0555219440019386,14.52402221490803,25.796995859447602,27.219908001402427
4.523790744925164,13.726316957816369,10.112003727762772,16.67839527697256,18.816650411234335,10.052861717344097,4.891726796656628,17.93181347755924,10.315256156928031,16.385824722383397,0.0,10.690197284388743,20.689600012924867,1.9473879061107624,9.552343314470365,17.705297148098815
6.443750416184679,3.17079696649896,20.801581455871627,6.0280713946865685,16.55376061616608,3.029419554393595,10.093857550709275,7.654079612813567,20.85044485735012,21.39773857197556,10.690197284388743,0.0,27.612594370345956,11.741979547262492,10.95152774296531,7.065897707342318
24.11578564347194,29.345148417666326,18.103343869815568,31.90861935223883,19.43955877252196,28.804347788001124,25.526792107593867,35.03823965831992,20.43185080827328,7.0555219440019386,20.689600012924867,27.612594370345956,0.0,18.742894818204796,30.216419381561842,33.829799317122706
6.038509233348864,14.629077877563903,9.372922382484285,17.60260967224094,17.839410623471448,11.50878740017207,6.825290106555632,19.20884384071273,10.00805455380179,14.52402221490803,1.9473879061107624,11.741979547262492,18.742894818204796,0.0,11.496502437518563,18.807730142754426
7.476035551166132,13.712391189818826,16.48466176071657,15.844598025783261,25.658124726649604,8.111514325486102,4.690805869559697,14.699116938029777,15.320927415870553,25.796995859447602,9.552343314470365,10.95152774296531,30.216419381561842,11.496502437518563,0.0,15.632126896709199
13.31214801186086,4.514994511758765,27.798260454779065,2.2007020277464813,19.549049182853764,8.218706089324066,16.351753424373094,2.109656784933953,27.71880263728784,27.219908001402427,17.705297148098815,7.065897707342318,33.829799317122706,18.807730142754426,15.632126896709199,0.0
True
0.0,0.0,0.0,0.0,0.0,0.0,1.0,0.0,0.0,0.0,0.0,0.0,0.0,0.0,0.0,0.0
0.0,0.0,0.0,0.0,0.0,0.0,0.0,1.0,0.0,0.0,0.0,0.0,0.0,0.0,0.0,0.0
0.0,0.0,0.0,0.0,0.0,0.0,0.0,0.0,1.0,0.0,0.0,0.0,0.0,0.0,0.0,0.0
0.0,0.0,0.0,0.0,1.0,0.0,0.0,0.0,0.0,0.0,0.0,0.0,0.0,0.0,0.0,0.0
0.0,0.0,0.0,0.0,0.0,0.0,0.0,0.0,0.0,1.0,0.0,0.0,0.0,0.0,0.0,0.0
0.0,0.0,0.0,0.0,0.0,0.0,0.0,0.0,0.0,0.0,0.0,1.0,0.0,0.0,0.0,0.0
0.0,0.0,0.0,0.0,0.0,0.0,0.0,0.0,0.0,0.0,0.0,0.0,0.0,0.0,1.0,0.0
0.0,0.0,0.0,0.0,0.0,0.0,0.0,0.0,0.0,0.0,0.0,0.0,0.0,0.0,0.0,1.0
0.0,0.0,0.0,0.0,0.0,0.0,0.0,0.0,0.0,0.0,0.0,0.0,0.0,1.0,0.0,0.0
0.0,0.0,0.0,0.0,0.0,0.0,0.0,0.0,0.0,0.0,0.0,0.0,1.0,0.0,0.0,0.0
1.0,0.0,0.0,0.0,0.0,0.0,0.0,0.0,0.0,0.0,0.0,0.0,0.0,0.0,0.0,0.0
0.0,1.0,0.0,0.0,0.0,0.0,0.0,0.0,0.0,0.0,0.0,0.0,0.0,0.0,0.0,0.0
0.0,0.0,1.0,0.0,0.0,0.0,0.0,0.0,0.0,0.0,0.0,0.0,0.0,0.0,0.0,0.0
0.0,0.0,0.0,0.0,0.0,0.0,0.0,0.0,0.0,0.0,1.0,0.0,0.0,0.0,0.0,0.0
0.0,0.0,0.0,0.0,0.0,1.0,0.0,0.0,0.0,0.0,0.0,0.0,0.0,0.0,0.0,0.0
0.0,0.0,0.0,1.0,0.0,0.0,0.0,0.0,0.0,0.0,0.0,0.0,0.0,0.0,0.0,0.0
107.33693492522785
GUROBI,0.3273653984069824
