16
32
28.85065846699967,21.38046057567427
4.7390892293979086,25.363654626776547
17.513312331293122,29.212153827105706
11.690349599308252,24.668083618186024
11.75169378958837,8.970752195978402
9.412216921137055,29.934498126774965
24.933072951502503,18.770299078392288
1.6356936764511545,21.898607743914976
21.167335187678887,2.2399369547893393
4.244243200907967,8.623915314892724
26.29069338577929,22.94273370349656
26.701360427813626,13.561424582608819
20.358161227739732,8.549952422771021
1.1583156177342318,14.707120923881565
21.394672831393947,0.8631869579867164
28.507185450785585,2.4473151576785632
0.0,24.438363405686562,13.77936270606652,17.47239725121378,21.127599369271774,21.23733900839647,4.70748545543441,27.219896859443665,20.625060026487358,27.71651347550263,2.999019596965533,8.109057030389046,15.386502163277864,28.485071784874464,21.830030657363185,18.936260695603
24.438363405686562,0.0,13.341353827551668,6.985974503122504,17.829859024211935,6.536874843897276,21.243100431811616,4.651624862182932,28.365358877326916,16.747051824776236,21.68715056963754,24.932588919087724,22.94898672914266,11.242048310647112,29.6256878588919,33.016374916881496
13.77936270606652,13.341353827551668,0.0,7.386167412242702,21.045441031556432,8.133236018444094,12.80957369526554,17.481039169898914,27.21860330807327,24.493749419448015,10.786475182466607,18.14843116383684,20.857126650545702,21.86050999002853,28.61343883349481,28.93478590154006
17.47239725121378,6.985974503122504,7.386167412242702,0.0,15.697451286381108,5.738031916574494,14.496674938087732,10.429098827090225,24.34820360102602,17.687844329954373,14.701934260880856,18.673197932493363,18.300959309789807,14.496362219065688,25.706944478011508,27.86697900797674
21.127599369271774,17.829859024211935,21.045441031556432,15.697451286381108,0.0,21.093880521824527,16.424977190570825,16.415325380792993,11.574030272487581,7.515458080753226,20.164294594765003,15.638631831315559,8.61674847103541,12.0468081778694,12.598399060554987,17.980593193805138
21.23733900839647,6.536874843897276,8.133236018444094,5.738031916574494,21.093880521824527,0.0,19.11900395698584,11.182568936540557,30.086068602747673,21.928266966522212,18.26931135861731,23.811594244760894,24.023165730808273,17.32050528147238,31.44392441655085,33.46883700884826
4.70748545543441,21.243100431811616,12.80957369526554,14.496674938087732,16.424977190570825,19.11900395698584,0.0,23.506471368378037,16.953868374012295,23.04293340539119,4.387749302812881,5.500837582741582,11.197557905243931,24.119463157269095,18.25335420964488,16.709700303518623
27.219896859443665,4.651624862182932,17.481039169898914,10.429098827090225,16.415325380792993,11.182568936540557,23.506471368378037,0.0,27.711881158058105,13.528561997000441,24.677098891207663,26.415833750906387,22.993855485580458,7.207313819562639,28.86011408304767,33.17272755522974
20.625060026487358,28.365358877326916,27.21860330807327,24.34820360102602,11.574030272487581,30.086068602747673,16.953868374012295,27.711881158058105,0.0,18.08718391831571,21.327320329669288,12.60164741076808,6.361686702723713,23.575231499809675,1.3953934778211978,7.342779283340949
27.71651347550263,16.747051824776236,24.493749419448015,17.687844329954373,7.515458080753226,21.928266966522212,23.04293340539119,13.528561997000441,18.08718391831571,0.0,26.288296365489952,22.993501514814252,16.11408777079437,6.821168487130763,18.82461529859074,25.03678805523972
2.999019596965533,21.68715056963754,10.786475182466607,14.701934260880856,20.164294594765003,18.26931135861731,4.387749302812881,24.677098891207663,21.327320329669288,26.288296365489952,0.0,9.390293298990441,15.567501109714975,26.447338810010418,22.615866150915338,20.614922227418084
8.109057030389046,24.932588919087724,18.14843116383684,18.673197932493363,15.638631831315559,23.811594244760894,5.500837582741582,26.415833750906387,12.60164741076808,22.993501514814252,9.390293298990441,0.0,8.083998348629681,25.56872617625152,13.762491490183121,11.259859338504866
15.386502163277864,22.94898672914266,20.857126650545702,18.300959309789807,8.61674847103541,24.023165730808273,11.197557905243931,22.993855485580458,6.361686702723713,16.11408777079437,15.567501109714975,8.083998348629681,0.0,20.162956018379727,7.7563341608720355,10.180804358059495
28.485071784874464,11.242048310647112,21.86050999002853,14.496362219065688,12.0468081778694,17.32050528147238,24.119463157269095,7.207313819562639,23.575231499809675,6.821168487130763,26.447338810010418,25.56872617625152,20.162956018379727,0.0,24.518659444000903,29.971044669317262
21.830030657363185,29.6256878588919,28.61343883349481,25.706944478011508,12.598399060554987,31.44392441655085,18.25335420964488,28.86011408304767,1.3953934778211978,18.82461529859074,22.615866150915338,13.762491490183121,7.7563341608720355,24.518659444000903,0.0,7.286789273340092
18.936260695603,33.016374916881496,28.93478590154006,27.86697900797674,17.980593193805138,33.46883700884826,16.709700303518623,33.17272755522974,7.342779283340949,25.03678805523972,20.614922227418084,11.259859338504866,10.180804358059495,29.971044669317262,7.286789273340092,0.0
True
0.0,0.0,0.0,0.0,0.0,0.0,1.0,0.0,0.0,0.0,0.0,0.0,0.0,0.0,0.0,0.0
0.0,0.0,0.0,0.0,0.0,1.0,0.0,0.0,0.0,0.0,0.0,0.0,0.0,0.0,0.0,0.0
0.0,0.0,0.0,0.0,0.0,0.0,0.0,0.0,0.0,0.0,1.0,0.0,0.0,0.0,0.0,0.0
0.0,0.0,1.0,0.0,0.0,0.0,0.0,0.0,0.0,0.0,0.0,0.0,0.0,0.0,0.0,0.0
0.0,0.0,0.0,0.0,0.0,0.0,0.0,0.0,0.0,1.0,0.0,0.0,0.0,0.0,0.0,0.0
0.0,0.0,0.0,1.0,0.0,0.0,0.0,0.0,0.0,0.0,0.0,0.0,0.0,0.0,0.0,0.0
0.0,0.0,0.0,0.0,0.0,0.0,0.0,0.0,0.0,0.0,0.0,1.0,0.0,0.0,0.0,0.0
0.0,1.0,0.0,0.0,0.0,0.0,0.0,0.0,0.0,0.0,0.0,0.0,0.0,0.0,0.0,0.0
0.0,0.0,0.0,0.0,0.0,0.0,0.0,0.0,0.0,0.0,0.0,0.0,1.0,0.0,0.0,0.0
0.0,0.0,0.0,0.0,0.0,0.0,0.0,0.0,0.0,0.0,0.0,0.0,0.0,1.0,0.0,0.0
1.0,0.0,0.0,0.0,0.0,0.0,0.0,0.0,0.0,0.0,0.0,0.0,0.0,0.0,0.0,0.0
0.0,0.0,0.0,0.0,0.0,0.0,0.0,0.0,0.0,0.0,0.0,0.0,0.0,0.0,0.0,1.0
0.0,0.0,0.0,0.0,1.0,0.0,0.0,0.0,0.0,0.0,0.0,0.0,0.0,0.0,0.0,0.0
0.0,0.0,0.0,0.0,0.0,0.0,0.0,1.0,0.0,0.0,0.0,0.0,0.0,0.0,0.0,0.0
0.0,0.0,0.0,0.0,0.0,0.0,0.0,0.0,1.0,0.0,0.0,0.0,0.0,0.0,0.0,0.0
0.0,0.0,0.0,0.0,0.0,0.0,0.0,0.0,0.0,0.0,0.0,0.0,0.0,0.0,1.0,0.0
104.77093450337743
GUROBI,0.1779942512512207
