16
32
22.34743717481051,4.7638301016387175
4.116706211679041,4.533366772243006
17.78940244971972,18.58079726412677
17.82330789139796,8.57908993920464
7.082082981099859,16.032064057086803
9.815196101716019,0.1027112016115943
4.9511700613123395,31.05472707059544
15.356041582116585,9.758682797979262
2.4986856215704663,15.124609396843073
24.715916049821846,23.013851087291798
6.475445695562776,26.609850503921564
3.84061334729763,3.4764974286876402
1.8979781656520025,18.97487186543341
27.370643362890352,15.252513169655394
5.2563606697470675,1.2256621458198431
9.098833140962778,27.095751479729685
0.0,18.232187603145064,14.549373255381365,5.918103868738236,18.973774931050293,13.370979609375919,31.525249767709624,8.59233180176839,22.3901470702223,18.40306925917937,27.00312428098406,18.55154315935593,24.90249147735164,11.629491515507604,17.453467523260674,25.96613604837891
18.232187603145064,0.0,19.602880549603864,14.291214278365695,11.874910468424373,7.218275127232323,26.53448476966096,12.394619281687703,10.714122034173432,27.674098837624392,22.20213471511017,1.0923369805648269,14.61094875423466,25.60557932407788,3.4985314318232907,23.105903843566104
14.549373255381365,19.602880549603864,0.0,10.001764793893944,11.006485868057712,20.125298293795797,17.900255184646387,9.151554445327385,15.676455456913907,8.223658361792385,13.87340309233437,20.559878184043207,15.896309652483879,10.142862142892701,21.407425142534784,12.166776080955957
5.918103868738236,14.291214278365695,10.001764793893944,0.0,13.073665735952936,11.660996995933168,25.90069877008484,2.7347472192849964,16.66396929555549,15.995948756728938,21.304513675693617,14.884629556760803,19.018107390890204,11.648441621862414,14.560256274677416,20.469079468245276
18.973774931050293,11.874910468424373,11.006485868057712,13.073665735952936,0.0,16.162122067486077,15.173041682179543,10.383337775179058,4.67236613673833,18.965690570888576,10.595167526332226,12.967242526729908,5.961129132506309,20.30353126802463,14.918538786226394,11.245997536601784
13.370979609375919,7.218275127232323,20.125298293795797,11.660996995933168,16.162122067486077,0.0,31.331869329415262,11.132778454075808,16.7089422464134,27.33041869114129,26.71670576189113,6.8613462669800915,20.465600112584955,23.188579693694418,4.695103760181849,27.002544312483682
31.525249767709624,26.53448476966096,17.900255184646387,25.90069877008484,15.173041682179543,31.331869329415262,0.0,23.701958843641417,16.117795414596053,21.33778035713115,4.698972643263219,27.60058126918426,12.459730435663772,27.42886704352245,29.830626134795672,5.733811712235258
8.59233180176839,12.394619281687703,9.151554445327385,2.7347472192849964,10.383337775179058,11.132778454075808,23.701958843641417,0.0,13.932148813466823,16.22672907363642,19.04801397400971,13.117581348915177,16.311272539217892,13.211087317224244,13.221800028054439,18.431674040948582
22.3901470702223,10.714122034173432,15.676455456913907,16.66396929555549,4.67236613673833,16.7089422464134,16.117795414596053,13.932148813466823,0.0,23.57637508932052,12.154233170950148,11.725155966713666,3.8968410956352058,24.872286611027583,14.16988025207207,13.670047185229437
18.40306925917937,27.674098837624392,8.223658361792385,15.995948756728938,18.965690570888576,27.33041869114129,21.33778035713115,16.22672907363642,23.57637508932052,0.0,18.591556431590273,28.591719971057845,23.172648584925227,8.202800947145585,29.21300177899351,16.14172200838444
27.00312428098406,22.20213471511017,13.87340309233437,21.304513675693617,10.595167526332226,26.71670576189113,4.698972643263219,19.04801397400971,12.154233170950148,18.591556431590273,0.0,23.28292004897365,8.902028296829766,23.782312689917436,25.41344500259174,2.6680070177894275
18.55154315935593,1.0923369805648269,20.559878184043207,14.884629556760803,12.967242526729908,6.8613462669800915,27.60058126918426,13.117581348915177,11.725155966713666,28.591719971057845,23.28292004897365,0.0,15.619649215988883,26.312294830862147,2.659059975183957,24.197479978835773
24.90249147735164,14.61094875423466,15.896309652483879,19.018107390890204,5.961129132506309,20.465600112584955,12.459730435663772,16.311272539217892,3.8968410956352058,23.172648584925227,8.902028296829766,15.619649215988883,0.0,25.74320544358515,18.064140685751884,10.853616820459012
11.629491515507604,25.60557932407788,10.142862142892701,11.648441621862414,20.30353126802463,23.188579693694418,27.42886704352245,13.211087317224244,24.872286611027583,8.202800947145585,23.782312689917436,26.312294830862147,25.74320544358515,0.0,26.187669783261224,21.774327600533347
17.453467523260674,3.4985314318232907,21.407425142534784,14.560256274677416,14.918538786226394,4.695103760181849,29.830626134795672,13.221800028054439,14.16988025207207,29.21300177899351,25.41344500259174,2.659059975183957,18.064140685751884,26.187669783261224,0.0,26.153892957579494
25.96613604837891,23.105903843566104,12.166776080955957,20.469079468245276,11.245997536601784,27.002544312483682,5.733811712235258,18.431674040948582,13.670047185229437,16.14172200838444,2.6680070177894275,24.197479978835773,10.853616820459012,21.774327600533347,26.153892957579494,0.0
True
0.0,0.0,0.0,0.0,0.0,0.0,0.0,0.0,0.0,0.0,0.0,0.0,0.0,1.0,0.0,0.0
0.0,0.0,0.0,0.0,0.0,0.0,0.0,0.0,0.0,0.0,0.0,1.0,0.0,0.0,0.0,0.0
0.0,0.0,0.0,0.0,0.0,0.0,0.0,0.0,0.0,0.0,0.0,0.0,0.0,0.0,0.0,1.0
1.0,0.0,0.0,0.0,0.0,0.0,0.0,0.0,0.0,0.0,0.0,0.0,0.0,0.0,0.0,0.0
0.0,1.0,0.0,0.0,0.0,0.0,0.0,0.0,0.0,0.0,0.0,0.0,0.0,0.0,0.0,0.0
0.0,0.0,0.0,0.0,0.0,0.0,0.0,1.0,0.0,0.0,0.0,0.0,0.0,0.0,0.0,0.0
0.0,0.0,0.0,0.0,0.0,0.0,0.0,0.0,0.0,0.0,1.0,0.0,0.0,0.0,0.0,0.0
0.0,0.0,0.0,1.0,0.0,0.0,0.0,0.0,0.0,0.0,0.0,0.0,0.0,0.0,0.0,0.0
0.0,0.0,0.0,0.0,1.0,0.0,0.0,0.0,0.0,0.0,0.0,0.0,0.0,0.0,0.0,0.0
0.0,0.0,1.0,0.0,0.0,0.0,0.0,0.0,0.0,0.0,0.0,0.0,0.0,0.0,0.0,0.0
0.0,0.0,0.0,0.0,0.0,0.0,0.0,0.0,0.0,0.0,0.0,0.0,1.0,0.0,0.0,0.0
0.0,0.0,0.0,0.0,0.0,0.0,0.0,0.0,0.0,0.0,0.0,0.0,0.0,0.0,1.0,0.0
0.0,0.0,0.0,0.0,0.0,0.0,0.0,0.0,1.0,0.0,0.0,0.0,0.0,0.0,0.0,0.0
0.0,0.0,0.0,0.0,0.0,0.0,0.0,0.0,0.0,1.0,0.0,0.0,0.0,0.0,0.0,0.0
0.0,0.0,0.0,0.0,0.0,1.0,0.0,0.0,0.0,0.0,0.0,0.0,0.0,0.0,0.0,0.0
0.0,0.0,0.0,0.0,0.0,0.0,1.0,0.0,0.0,0.0,0.0,0.0,0.0,0.0,0.0,0.0
108.23378751655736
GUROBI,1.1817734241485596
