16
32
20.97973505638666,24.547966959807656
29.193258322848113,9.082614158673394
12.493367568222872,23.112691425941737
3.6873093752319868,16.56194857933522
27.076584799391792,17.028075192629895
9.81080483074949,7.621785233345815
16.76016593766515,7.174516545868499
18.88930627685547,31.58680514647924
28.04140959510943,9.802908954086902
23.758819644127744,20.587580797016116
12.546371480728649,15.699494213675852
27.868205800352975,10.867677039076813
16.86325269724153,10.6097601037164
1.250308308398342,15.804250855732164
15.534827829992455,7.436962417414936
28.921660233458965,12.688409728825164
0.0,17.511113662821533,8.606883814847127,19.047427005018324,9.680927072282365,20.279068771084194,17.87852183020931,7.342692660083109,16.348822064078966,4.838178345643196,12.22362839496819,15.316702044034471,14.533376668081726,21.58014946919752,17.956433141184363,14.273166195107661
17.511113662821533,0.0,21.811222325718877,26.57995250361627,8.222570026884666,19.437425871818515,12.578657430683384,24.750960380998507,1.3585212857710425,12.723890171726218,17.913736159623973,2.2231090109045217,12.42421882715172,28.740021840584703,13.757212405922802,3.616009847315956
8.606883814847127,21.811222325718877,0.0,10.975376655983537,15.801670149643805,15.721460412706174,16.499423833372873,10.616903282651998,20.46684930119741,11.544981340947352,7.413386697231409,19.655178147213483,13.24459088417237,13.409686241229187,15.96806063592859,19.456475754758095
19.047427005018324,26.57995250361627,10.975376655983537,0.0,23.39391969907624,10.836222462035188,16.09420575501969,21.373980084678212,25.274627874125297,20.471229548476522,8.900944271361992,24.842312297703405,14.458009201618921,2.552073674505024,14.954232377194309,25.529919045357573
9.680927072282365,8.222570026884666,15.801670149643805,23.39391969907624,0.0,19.661776336936047,14.266082718663716,16.702938288657318,7.289301342447923,4.865968122906396,14.590826793005744,6.211052182960872,12.062624971762478,25.85525678458491,15.006718435673063,4.715612335120191
20.279068771084194,19.437425871818515,15.721460412706174,10.836222462035188,19.661776336936047,0.0,6.963739589696741,25.626965640587066,18.36061684038646,19.04360711191847,8.528347276429514,18.346812894656896,7.659309024680638,11.842079393870002,5.727006091244451,19.771076804298275
17.87852183020931,12.578657430683384,16.499423833372873,16.09420575501969,14.266082718663716,6.963739589696741,0.0,24.50496017755337,11.583389189274742,15.129158810336971,9.50953773650028,11.705895267755322,3.436789953100926,17.749028084347714,1.253128610162049,13.35308809001429
7.342692660083109,24.750960380998507,10.616903282651998,21.373980084678212,16.702938288657318,25.626965640587066,24.50496017755337,0.0,23.628354332642814,12.02892749682472,17.10670834799876,22.58102978572981,21.074660420361877,23.669036086660007,24.381702760246434,21.396202356319833
16.348822064078966,1.3585212857710425,20.46684930119741,25.274627874125297,7.289301342447923,18.36061684038646,11.583389189274742,23.628354332642814,0.0,11.603866745525801,16.57908091209265,1.078763472375256,11.207238750513445,27.455039842900533,12.728404867144452,3.016779061736187
4.838178345643196,12.723890171726218,11.544981340947352,20.471229548476522,4.865968122906396,19.04360711191847,15.129158810336971,12.02892749682472,11.603866745525801,0.0,12.231614131550375,10.552894562373783,12.128715896855267,23.011156595830695,15.510409573085704,9.436727532115725
12.22362839496819,17.913736159623973,7.413386697231409,8.900944271361992,14.590826793005744,8.528347276429514,9.50953773650028,17.10670834799876,16.57908091209265,12.231614131550375,0.0,16.06564857473137,6.673893672180167,11.296548904304002,8.786370299257698,16.649826170570204
15.316702044034471,2.2231090109045217,19.655178147213483,24.842312297703405,6.211052182960872,18.346812894656896,11.705895267755322,22.58102978572981,1.078763472375256,10.552894562373783,16.06564857473137,0.0,11.007975015743263,27.07179764883544,12.801641104759138,2.1035288850284246
14.533376668081726,12.42421882715172,13.24459088417237,14.458009201618921,12.062624971762478,7.659309024680638,3.436789953100926,21.074660420361877,11.207238750513445,12.128715896855267,6.673893672180167,11.007975015743263,0.0,16.454384420630486,3.4396740813812072,12.236256640552707
21.58014946919752,28.740021840584703,13.409686241229187,2.552073674505024,25.85525678458491,11.842079393870002,17.749028084347714,23.669036086660007,27.455039842900533,23.011156595830695,11.296548904304002,27.07179764883544,16.454384420630486,0.0,16.55472783747291,27.846223860492852
17.956433141184363,13.757212405922802,15.96806063592859,14.954232377194309,15.006718435673063,5.727006091244451,1.253128610162049,24.381702760246434,12.728404867144452,15.510409573085704,8.786370299257698,12.801641104759138,3.4396740813812072,16.55472783747291,0.0,14.380020189937795
14.273166195107661,3.616009847315956,19.456475754758095,25.529919045357573,4.715612335120191,19.771076804298275,13.35308809001429,21.396202356319833,3.016779061736187,9.436727532115725,16.649826170570204,2.1035288850284246,12.236256640552707,27.846223860492852,14.380020189937795,0.0
True
0.0,0.0,0.0,0.0,0.0,0.0,0.0,1.0,0.0,0.0,0.0,0.0,0.0,0.0,0.0,0.0
0.0,0.0,0.0,0.0,0.0,0.0,0.0,0.0,0.0,0.0,0.0,1.0,0.0,0.0,0.0,0.0
0.0,0.0,0.0,0.0,0.0,0.0,0.0,0.0,0.0,0.0,1.0,0.0,0.0,0.0,0.0,0.0
0.0,0.0,0.0,0.0,0.0,0.0,0.0,0.0,0.0,0.0,0.0,0.0,0.0,1.0,0.0,0.0
0.0,0.0,0.0,0.0,0.0,0.0,0.0,0.0,0.0,1.0,0.0,0.0,0.0,0.0,0.0,0.0
0.0,0.0,0.0,0.0,0.0,0.0,0.0,0.0,0.0,0.0,0.0,0.0,0.0,0.0,1.0,0.0
0.0,0.0,0.0,0.0,0.0,0.0,0.0,0.0,0.0,0.0,0.0,0.0,1.0,0.0,0.0,0.0
0.0,0.0,1.0,0.0,0.0,0.0,0.0,0.0,0.0,0.0,0.0,0.0,0.0,0.0,0.0,0.0
0.0,1.0,0.0,0.0,0.0,0.0,0.0,0.0,0.0,0.0,0.0,0.0,0.0,0.0,0.0,0.0
1.0,0.0,0.0,0.0,0.0,0.0,0.0,0.0,0.0,0.0,0.0,0.0,0.0,0.0,0.0,0.0
0.0,0.0,0.0,1.0,0.0,0.0,0.0,0.0,0.0,0.0,0.0,0.0,0.0,0.0,0.0,0.0
0.0,0.0,0.0,0.0,0.0,0.0,0.0,0.0,0.0,0.0,0.0,0.0,0.0,0.0,0.0,1.0
0.0,0.0,0.0,0.0,0.0,0.0,0.0,0.0,1.0,0.0,0.0,0.0,0.0,0.0,0.0,0.0
0.0,0.0,0.0,0.0,0.0,1.0,0.0,0.0,0.0,0.0,0.0,0.0,0.0,0.0,0.0,0.0
0.0,0.0,0.0,0.0,0.0,0.0,1.0,0.0,0.0,0.0,0.0,0.0,0.0,0.0,0.0,0.0
0.0,0.0,0.0,0.0,1.0,0.0,0.0,0.0,0.0,0.0,0.0,0.0,0.0,0.0,0.0,0.0
90.39716137009817
GUROBI,0.24360895156860352
