16
32
26.849207176956142,24.796272582108138
22.848028954138734,25.39622888069177
5.980962838203919,21.957217990730197
20.68321583503726,1.470431196039737
3.6617186965384327,13.997696289621178
11.936211810454328,16.84576444195719
24.604597639431617,8.7473892169529
3.141209279036488,13.3790536334592
23.297135182323885,13.502440434071698
19.27529037856862,13.317522486092024
22.58284063857917,28.082989295662998
24.1176530867701,1.6238654637430017
15.751566771673755,10.080830545857086
10.900377636433348,22.852585557801778
30.865494150082668,11.147295182348337
14.91901006452687,24.00470429887287
0.0,4.045908393792232,21.06048082914273,24.127045521502215,25.578680027987478,16.89994113859309,16.205089609264817,26.31391367412212,11.839250822711383,13.752305967934491,5.385572411076056,23.332848934643007,18.431002601248277,16.066831764884743,14.227619094903392,11.956428542354937
4.045908393792232,0.0,17.21408479299991,24.023534516959288,22.316833254980352,13.862835045374721,16.741248331442794,23.081837938727844,11.902264491144019,12.596015604003972,2.6998159882046937,23.806243043908548,16.879609049436322,12.215420310556247,16.34967460556813,8.050197588483654
21.06048082914273,17.21408479299991,0.0,25.21635731730494,8.290529482432053,7.848053752539779,22.83285679546066,9.035989376773227,19.27000488281831,15.855077519941819,17.695971874382337,27.246738486636747,15.37898826208915,5.000232498314691,27.131058396882498,9.169563152190571
24.127045521502215,24.023534516959288,25.21635731730494,0.0,21.134420634613758,17.689289183827725,8.26627807988381,21.202294271323193,12.312669111862212,11.93045791769139,26.68027029473381,3.4378628987491444,9.922708271813153,23.513835254383395,14.047081130774476,23.25982657798321
25.578680027987478,22.316833254980352,8.290529482432053,21.134420634613758,0.0,8.75092729329825,21.590968083297916,0.8084854913548917,19.641661307860677,15.62837986078219,23.588224490444933,23.907257079910185,12.708511468088066,11.437099597356863,27.35269978263934,15.062098732946032
16.89994113859309,13.862835045374721,7.848053752539779,17.689289183827725,8.75092729329825,0.0,15.035680257201397,9.453578865033231,11.84265153093662,8.14312995893359,15.479855548957893,19.49599241052601,7.766676515647206,6.095478025046612,19.768416269293613,7.755482273813414
16.205089609264817,16.741248331442794,22.83285679546066,8.26627807988381,21.590968083297916,15.035680257201397,0.0,21.95744418588547,4.931528176353567,7.020515221718369,19.441011593389625,7.140147453653347,8.95288899311855,19.666270864209984,6.705100577905085,18.071974717228105
26.31391367412212,23.081837938727844,9.035989376773227,21.202294271323193,0.8084854913548917,9.453578865033231,21.95744418588547,0.0,20.15630356293974,16.13419843092232,24.375864166806107,24.04569906915666,13.034546084452058,12.245509410390678,27.81396622912714,15.86256736490357
11.839250822711383,11.902264491144019,19.27000488281831,12.312669111862212,19.641661307860677,11.84265153093662,4.931528176353567,20.15630356293974,0.0,4.026093674143492,14.598034860914494,11.906880068146995,8.285108138517513,15.527550079983879,7.926333744018724,13.434676281003934
13.752305967934491,12.596015604003972,15.855077519941819,11.93045791769139,15.62837986078219,8.14312995893359,7.020515221718369,16.13419843092232,4.026093674143492,0.0,15.131387868501616,12.656622422831179,4.784642387239611,12.690807350986887,11.7916372915356,11.540928614021551
5.385572411076056,2.6998159882046937,17.695971874382337,26.68027029473381,23.588224490444933,15.479855548957893,19.441011593389625,24.375864166806107,14.598034860914494,15.131387868501616,0.0,26.503601325178405,19.25471428762002,12.79988535329667,18.852588265046847,8.68140009346547
23.332848934643007,23.806243043908548,27.246738486636747,3.4378628987491444,23.907257079910185,19.49599241052601,7.140147453653347,24.04569906915666,11.906880068146995,12.656622422831179,26.503601325178405,0.0,11.895867292120371,25.007097535739117,11.671721065076161,24.19745813953857
18.431002601248277,16.879609049436322,15.37898826208915,9.922708271813153,12.708511468088066,7.766676515647206,8.95288899311855,13.034546084452058,8.285108138517513,4.784642387239611,19.25471428762002,11.895867292120371,0.0,13.662055559505271,15.15150644723834,13.948742271636432
16.066831764884743,12.215420310556247,5.000232498314691,23.513835254383395,11.437099597356863,6.095478025046612,19.666270864209984,12.245509410390678,15.527550079983879,12.690807350986887,12.79988535329667,25.007097535739117,13.662055559505271,0.0,23.143459122984957,4.18052439122798
14.227619094903392,16.34967460556813,27.131058396882498,14.047081130774476,27.35269978263934,19.768416269293613,6.705100577905085,27.81396622912714,7.926333744018724,11.7916372915356,18.852588265046847,11.671721065076161,15.15150644723834,23.143459122984957,0.0,20.48422133937662
11.956428542354937,8.050197588483654,9.169563152190571,23.25982657798321,15.062098732946032,7.755482273813414,18.071974717228105,15.86256736490357,13.434676281003934,11.540928614021551,8.68140009346547,24.19745813953857,13.948742271636432,4.18052439122798,20.48422133937662,0.0
True
0.0,1.0,0.0,0.0,0.0,0.0,0.0,0.0,0.0,0.0,0.0,0.0,0.0,0.0,0.0,0.0
0.0,0.0,0.0,0.0,0.0,0.0,0.0,0.0,0.0,0.0,1.0,0.0,0.0,0.0,0.0,0.0
0.0,0.0,0.0,0.0,1.0,0.0,0.0,0.0,0.0,0.0,0.0,0.0,0.0,0.0,0.0,0.0
0.0,0.0,0.0,0.0,0.0,0.0,0.0,0.0,0.0,0.0,0.0,1.0,0.0,0.0,0.0,0.0
0.0,0.0,0.0,0.0,0.0,0.0,0.0,1.0,0.0,0.0,0.0,0.0,0.0,0.0,0.0,0.0
0.0,0.0,0.0,0.0,0.0,0.0,0.0,0.0,0.0,0.0,0.0,0.0,1.0,0.0,0.0,0.0
0.0,0.0,0.0,1.0,0.0,0.0,0.0,0.0,0.0,0.0,0.0,0.0,0.0,0.0,0.0,0.0
0.0,0.0,0.0,0.0,0.0,1.0,0.0,0.0,0.0,0.0,0.0,0.0,0.0,0.0,0.0,0.0
0.0,0.0,0.0,0.0,0.0,0.0,1.0,0.0,0.0,0.0,0.0,0.0,0.0,0.0,0.0,0.0
0.0,0.0,0.0,0.0,0.0,0.0,0.0,0.0,1.0,0.0,0.0,0.0,0.0,0.0,0.0,0.0
0.0,0.0,0.0,0.0,0.0,0.0,0.0,0.0,0.0,0.0,0.0,0.0,0.0,0.0,0.0,1.0
0.0,0.0,0.0,0.0,0.0,0.0,0.0,0.0,0.0,0.0,0.0,0.0,0.0,0.0,1.0,0.0
0.0,0.0,0.0,0.0,0.0,0.0,0.0,0.0,0.0,1.0,0.0,0.0,0.0,0.0,0.0,0.0
0.0,0.0,1.0,0.0,0.0,0.0,0.0,0.0,0.0,0.0,0.0,0.0,0.0,0.0,0.0,0.0
1.0,0.0,0.0,0.0,0.0,0.0,0.0,0.0,0.0,0.0,0.0,0.0,0.0,0.0,0.0,0.0
0.0,0.0,0.0,0.0,0.0,0.0,0.0,0.0,0.0,0.0,0.0,0.0,0.0,1.0,0.0,0.0
102.2728970958216
GUROBI,0.45981717109680176
