16
32
30.113934140278822,16.91300471185083
7.137856444633524,5.0949486512001485
18.43255879272527,18.60372815923507
29.57062934488872,26.355843503570053
6.99038867488558,3.868489109855787
15.478221855611483,2.5374915264881572
23.04537965761503,8.463463992381854
23.745355393810712,27.82188874872895
7.608613283587058,9.467682984191804
6.937623389630229,31.470035779371162
0.37787920385939344,6.287990477639724
28.901805835013203,31.504990653768314
13.857526233142512,31.353841658805074
6.864912828063254,24.61386231920469
28.611773512184122,25.52417230482741
24.329511760147533,14.13876241709059
0.0,25.837310141131404,11.80309602544886,9.458455716822446,26.549157089836214,20.514859332252282,11.016315211737123,12.631806924586028,23.704899967960145,27.368751040399736,31.577268575019957,14.64224397957989,21.744161739918205,24.491226997939354,8.741206659662492,6.41529130919246
25.837310141131404,0.0,17.6084475445365,30.907198998258526,1.235293386070311,8.723662197344511,16.260264154537033,28.14822956321736,4.398001540284575,26.37584717681933,6.864447617646922,34.222212255265184,27.10504425474054,19.520821934458624,29.639201968237344,19.425333457100564
11.80309602544886,17.6084475445365,0.0,13.57025821187071,18.65611231869962,16.33560731278191,11.140155910270273,10.639562602767235,14.164219633471681,17.2532724924085,21.855179013187644,16.614683493383335,13.546081247842846,13.035802460324227,12.308897573589237,7.396619050519909
9.458455716822446,30.907198998258526,13.57025821187071,0.0,31.867669766453965,27.67507614710388,19.045107719665243,6.006921446628129,27.70451434703663,23.203618709258045,35.425067196364054,5.192402263091436,16.48883243168239,22.772440821948,1.2692838495504666,13.293847592427767
26.549157089836214,1.235293386070311,18.65611231869962,31.867669766453965,0.0,8.5915578721651,16.699596690536254,29.231733852302668,5.633220545052898,27.601597104601815,7.041254744228429,35.26877400125804,28.33023443221139,20.745752668517643,30.601517885940552,20.152511088476388
20.514859332252282,8.723662197344511,16.33560731278191,27.67507614710388,8.5915578721651,0.0,9.61140087952601,26.601621000053292,10.48609997650742,30.16676878789233,15.559132063933141,31.9266129199611,28.86188991124752,23.697156786871105,26.474094362624253,14.592286292808303
11.016315211737123,16.260264154537033,11.140155910270273,19.045107719665243,16.699596690536254,9.61140087952601,0.0,19.371075733639955,15.469395976243948,28.084909780497714,22.771654789109125,23.774138858404473,24.665482769673865,22.86138388062427,17.945821482075804,5.818763396655341
12.631806924586028,28.14822956321736,10.639562602767235,6.006921446628129,29.231733852302668,26.601621000053292,19.371075733639955,0.0,24.439134910606676,17.199093926179266,31.776527787622758,6.336735815503276,10.499707465903782,17.182571832761962,5.381591415130708,13.69558997881825
23.704899967960145,4.398001540284575,14.164219633471681,27.70451434703663,5.633220545052898,10.48609997650742,15.469395976243948,24.439134910606676,0.0,22.01258176501178,7.89898473020163,30.643808156880333,22.760774472356417,15.164426755268979,26.43754127924544,17.36108950878062
27.368751040399736,26.37584717681933,17.2532724924085,23.203618709258045,27.601597104601815,30.16676878789233,28.084909780497714,17.199093926179266,22.01258176501178,0.0,26.022406678883655,21.96421025981389,6.920878299558771,6.856559001544032,22.47492104530996,24.55302053619129
31.577268575019957,6.864447617646922,21.855179013187644,35.425067196364054,7.041254744228429,15.559132063933141,22.771654789109125,31.776527787622758,7.89898473020163,26.022406678883655,0.0,38.07245051664412,28.460459930759896,19.44014362074044,34.1640670749587,25.205462149238823
14.64224397957989,34.222212255265184,16.614683493383335,5.192402263091436,35.26877400125804,31.9266129199611,23.774138858404473,6.336735815503276,30.643808156880333,21.96421025981389,38.07245051664412,0.0,15.045038875255225,23.08922482724756,5.987846597176136,17.958055470329587
21.744161739918205,27.10504425474054,13.546081247842846,16.48883243168239,28.33023443221139,28.86188991124752,24.665482769673865,10.499707465903782,22.760774472356417,6.920878299558771,28.460459930759896,15.045038875255225,0.0,9.71205249837202,15.864200501374569,20.14997355274472
24.491226997939354,19.520821934458624,13.035802460324227,22.772440821948,20.745752668517643,23.697156786871105,22.86138388062427,17.182571832761962,15.164426755268979,6.856559001544032,19.44014362074044,23.08922482724756,9.71205249837202,0.0,21.765904848741904,20.365164713741702
8.741206659662492,29.639201968237344,12.308897573589237,1.2692838495504666,30.601517885940552,26.474094362624253,17.945821482075804,5.381591415130708,26.43754127924544,22.47492104530996,34.1640670749587,5.987846597176136,15.864200501374569,21.765904848741904,0.0,12.164099803303605
6.41529130919246,19.425333457100564,7.396619050519909,13.293847592427767,20.152511088476388,14.592286292808303,5.818763396655341,13.69558997881825,17.36108950878062,24.55302053619129,25.205462149238823,17.958055470329587,20.14997355274472,20.365164713741702,12.164099803303605,0.0
True
0.0,0.0,0.0,0.0,0.0,0.0,0.0,0.0,0.0,0.0,0.0,0.0,0.0,0.0,1.0,0.0
0.0,0.0,0.0,0.0,1.0,0.0,0.0,0.0,0.0,0.0,0.0,0.0,0.0,0.0,0.0,0.0
0.0,0.0,0.0,0.0,0.0,0.0,0.0,0.0,1.0,0.0,0.0,0.0,0.0,0.0,0.0,0.0
0.0,0.0,0.0,0.0,0.0,0.0,0.0,0.0,0.0,0.0,0.0,1.0,0.0,0.0,0.0,0.0
0.0,0.0,0.0,0.0,0.0,1.0,0.0,0.0,0.0,0.0,0.0,0.0,0.0,0.0,0.0,0.0
0.0,0.0,0.0,0.0,0.0,0.0,1.0,0.0,0.0,0.0,0.0,0.0,0.0,0.0,0.0,0.0
0.0,0.0,0.0,0.0,0.0,0.0,0.0,0.0,0.0,0.0,0.0,0.0,0.0,0.0,0.0,1.0
0.0,0.0,0.0,0.0,0.0,0.0,0.0,0.0,0.0,0.0,0.0,0.0,1.0,0.0,0.0,0.0
0.0,0.0,0.0,0.0,0.0,0.0,0.0,0.0,0.0,0.0,1.0,0.0,0.0,0.0,0.0,0.0
0.0,0.0,0.0,0.0,0.0,0.0,0.0,0.0,0.0,0.0,0.0,0.0,0.0,1.0,0.0,0.0
0.0,1.0,0.0,0.0,0.0,0.0,0.0,0.0,0.0,0.0,0.0,0.0,0.0,0.0,0.0,0.0
0.0,0.0,0.0,0.0,0.0,0.0,0.0,1.0,0.0,0.0,0.0,0.0,0.0,0.0,0.0,0.0
0.0,0.0,0.0,0.0,0.0,0.0,0.0,0.0,0.0,1.0,0.0,0.0,0.0,0.0,0.0,0.0
0.0,0.0,1.0,0.0,0.0,0.0,0.0,0.0,0.0,0.0,0.0,0.0,0.0,0.0,0.0,0.0
0.0,0.0,0.0,1.0,0.0,0.0,0.0,0.0,0.0,0.0,0.0,0.0,0.0,0.0,0.0,0.0
1.0,0.0,0.0,0.0,0.0,0.0,0.0,0.0,0.0,0.0,0.0,0.0,0.0,0.0,0.0,0.0
119.45253464006794
GUROBI,0.6427335739135742
