16
32
24.203360361234775,5.9793774194152505
22.729274779519436,26.71532402038479
13.167269018727318,21.933336902070522
27.95284702908679,14.939623201254488
11.433179865760234,21.450652856960346
28.584453193184515,9.926022756705727
8.114395706542584,30.636099265887154
0.672220431935596,16.379403654720623
0.3223910249155786,23.658940260014525
31.359793958292624,31.724476114924016
23.53880085172207,5.5879181007730985
21.727347258296113,27.451853346662645
1.465318013508984,7.606036470611951
31.069503380093362,22.652191130445654
1.053206694806022,19.70006608887782
11.813269439104552,30.28791165230478
0.0,20.788275776034947,19.399075629894693,9.713117663416202,20.060854257767403,5.896607823191063,29.441615374741573,25.726933203693328,29.713088676152744,26.721239654450642,0.7712844740013549,21.61476031169772,22.796152953422023,18.03126831363074,26.91072114127719,27.284046430289916
20.788275776034947,0.0,10.691087642010295,12.882268310670922,12.462685214657771,17.780994099836626,15.131661139593392,24.358671891086725,22.614374218248564,9.978850935924362,21.142909292564706,1.2435168701115478,28.5888217316955,9.2773089843519,22.78301497736204,11.485754436679985
19.399075629894693,10.691087642010295,0.0,16.35620213953739,1.800013632682269,19.541370495812494,10.063279856490723,13.6737856390359,12.960269967282962,20.659970250757453,19.358238255394802,10.184741686305692,18.498843071441073,17.91666114349791,12.318198103331016,8.463582818101942
9.713117663416202,12.882268310670922,16.35620213953739,0.0,17.756489246598573,5.053228251732329,25.297104809138578,27.318593581796563,28.973584330724854,17.127129786159312,10.341092395983983,13.975433825387155,27.48400785342146,8.318488496875963,27.31762190601496,22.27231292793141
20.060854257767403,12.462685214657771,1.800013632682269,17.756489246598573,0.0,20.663573643000632,9.766614256063377,11.896042047993799,11.32811378475366,22.41921928900705,19.954258026820003,11.915716076810158,17.059650429909524,19.67304997661019,10.526556752438799,8.845428825085735
5.896607823191063,17.780994099836626,19.541370495812494,5.053228251732329,20.663573643000632,0.0,29.1192465995014,28.648540324648323,31.421921983796334,21.97441888134676,6.654153556744075,18.819528146851912,27.218189309011322,12.966527519279555,29.214747248840883,26.379520918883944
29.441615374741573,15.131661139593392,10.063279856490723,25.297104809138578,9.766614256063377,29.1192465995014,0.0,16.0822679547204,10.45925832703862,23.270863844042903,29.416384104152126,13.98041029528414,23.97069098967145,24.30390416002085,13.017573195804127,3.7152256329446653
25.726933203693328,24.358671891086725,13.6737856390359,27.318593581796563,11.896042047993799,28.648540324648323,16.0822679547204,0.0,7.287937554742758,34.310325235189204,25.285107485546114,23.789020741819392,8.809141588207813,31.037762054406816,3.342446638933637,17.820481690992608
29.713088676152744,22.614374218248564,12.960269967282962,28.973584330724854,11.32811378475366,31.421921983796334,10.45925832703862,7.287937554742758,0.0,32.06825922116186,29.42046102844127,21.738407049179173,16.093539143801486,30.76358987491242,4.025764057449313,13.265879105791544
26.721239654450642,9.978850935924362,20.659970250757453,17.127129786159312,22.41921928900705,21.97441888134676,23.270863844042903,34.310325235189204,32.06825922116186,0.0,27.28163481172088,10.53752033203918,38.41066027666761,9.076928084951582,32.60484117479808,19.599243307701474
0.7712844740013549,21.142909292564706,19.358238255394802,10.341092395983983,19.954258026820003,6.654153556744075,29.416384104152126,25.285107485546114,29.42046102844127,27.28163481172088,0.0,21.93884747559878,22.165546380894124,18.652101613545536,26.547215775438772,27.341868413734762
21.61476031169772,1.2435168701115478,10.184741686305692,13.975433825387155,11.915716076810158,18.819528146851912,13.98041029528414,23.789020741819392,21.738407049179173,10.53752033203918,21.93884747559878,0.0,28.362056988066776,10.502982357112423,22.079635271645717,10.31174891655086
22.796152953422023,28.5888217316955,18.498843071441073,27.48400785342146,17.059650429909524,27.218189309011322,23.97069098967145,8.809141588207813,16.093539143801486,38.41066027666761,22.165546380894124,28.362056988066776,0.0,33.20835077607324,12.10104905148703,24.93085559029971
18.03126831363074,9.2773089843519,17.91666114349791,8.318488496875963,19.67304997661019,12.966527519279555,24.30390416002085,31.037762054406816,30.76358987491242,9.076928084951582,18.652101613545536,10.502982357112423,33.20835077607324,0.0,30.161119159610834,20.714892552896092
26.91072114127719,22.78301497736204,12.318198103331016,27.31762190601496,10.526556752438799,29.214747248840883,13.017573195804127,3.342446638933637,4.025764057449313,32.60484117479808,26.547215775438772,22.079635271645717,12.10104905148703,30.161119159610834,0.0,15.095741914070377
27.284046430289916,11.485754436679985,8.463582818101942,22.27231292793141,8.845428825085735,26.379520918883944,3.7152256329446653,17.820481690992608,13.265879105791544,19.599243307701474,27.341868413734762,10.31174891655086,24.93085559029971,20.714892552896092,15.095741914070377,0.0
True
0.0,0.0,0.0,0.0,0.0,0.0,0.0,0.0,0.0,0.0,1.0,0.0,0.0,0.0,0.0,0.0
0.0,0.0,0.0,0.0,0.0,0.0,0.0,0.0,0.0,1.0,0.0,0.0,0.0,0.0,0.0,0.0
0.0,0.0,0.0,0.0,0.0,0.0,0.0,0.0,0.0,0.0,0.0,1.0,0.0,0.0,0.0,0.0
0.0,0.0,0.0,0.0,0.0,1.0,0.0,0.0,0.0,0.0,0.0,0.0,0.0,0.0,0.0,0.0
0.0,0.0,1.0,0.0,0.0,0.0,0.0,0.0,0.0,0.0,0.0,0.0,0.0,0.0,0.0,0.0
1.0,0.0,0.0,0.0,0.0,0.0,0.0,0.0,0.0,0.0,0.0,0.0,0.0,0.0,0.0,0.0
0.0,0.0,0.0,0.0,0.0,0.0,0.0,0.0,0.0,0.0,0.0,0.0,0.0,0.0,0.0,1.0
0.0,0.0,0.0,0.0,0.0,0.0,0.0,0.0,0.0,0.0,0.0,0.0,0.0,0.0,1.0,0.0
0.0,0.0,0.0,0.0,0.0,0.0,1.0,0.0,0.0,0.0,0.0,0.0,0.0,0.0,0.0,0.0
0.0,0.0,0.0,0.0,0.0,0.0,0.0,0.0,0.0,0.0,0.0,0.0,0.0,1.0,0.0,0.0
0.0,0.0,0.0,0.0,0.0,0.0,0.0,0.0,0.0,0.0,0.0,0.0,1.0,0.0,0.0,0.0
0.0,1.0,0.0,0.0,0.0,0.0,0.0,0.0,0.0,0.0,0.0,0.0,0.0,0.0,0.0,0.0
0.0,0.0,0.0,0.0,0.0,0.0,0.0,1.0,0.0,0.0,0.0,0.0,0.0,0.0,0.0,0.0
0.0,0.0,0.0,1.0,0.0,0.0,0.0,0.0,0.0,0.0,0.0,0.0,0.0,0.0,0.0,0.0
0.0,0.0,0.0,0.0,0.0,0.0,0.0,0.0,1.0,0.0,0.0,0.0,0.0,0.0,0.0,0.0
0.0,0.0,0.0,0.0,1.0,0.0,0.0,0.0,0.0,0.0,0.0,0.0,0.0,0.0,0.0,0.0
113.68647170633007
GUROBI,0.47556090354919434
