16
32
8.231793597637523,27.75976679986869
10.506523318759221,11.209462426672403
23.566747006429203,4.284602824316519
5.548258873041021,0.33717155469674864
25.201353313289864,14.118344853504876
31.933701986634325,5.752977616941465
16.646901410669063,11.055896822568275
5.717963718938883,3.985614801202299
10.030669857640643,7.220390107142897
9.097162472734801,25.205504969604196
0.24386217944610777,23.339387165614447
18.640650993531175,0.680892367393259
1.6039807445184628,24.377371924700157
8.402548881532152,1.0568024935000366
11.88562457068641,26.17457762656685
12.109370171561189,26.649119332901837
0.0,16.705896268970264,28.040044930935363,27.553585766622863,21.77278920262232,32.34314813715882,18.703831471746707,23.906686175936873,20.61800064808638,2.6968716668638963,9.129447105529403,29.010511074743608,7.4410011629844925,26.70351025828208,3.9828765352148117,4.033501937835344
16.705896268970264,0.0,14.782527635161607,11.949522798778132,14.979974150221096,22.111020151586548,6.142298063947256,8.66684934431432,4.017354164981604,14.066822841632126,15.888904551062222,13.304691673339905,15.894939598325587,10.368375579190237,15.028525982583222,15.522632618715662
28.040044930935363,14.782527635161607,0.0,18.44581600909601,9.96867193135847,8.494825493934272,9.681667494802808,17.85128731161312,13.850784510198725,25.4372369401716,30.117134042702187,6.1035359412088255,29.767137450494904,15.50392207626026,24.81168309893483,25.128531246353326
27.553585766622863,11.949522798778132,18.44581600909601,0.0,24.00343430780525,26.935526050265196,15.429547548329282,3.6523879664807213,8.214055385471795,25.120285101784212,23.605900688051843,13.096903276490721,24.361620713430653,2.9436100524110183,26.603265899291433,27.117646973042493
21.77278920262232,14.979974150221096,9.96867193135847,24.00343430780525,0.0,10.737964782120097,9.08610121539707,21.96075336590482,16.66527576112579,19.551728365263287,26.60646509812239,14.953526147534378,25.730985768075865,21.279185115004836,17.962777642248135,18.122371026905228
32.34314813715882,22.111020151586548,8.494825493934272,26.935526050265196,10.737964782120097,0.0,16.1804580884083,26.27524508435209,21.952132376152637,29.998472584049775,36.24262335729724,14.227833759357928,35.591572794066415,23.995191752636398,28.617602188670045,28.803695431795212
18.703831471746707,6.142298063947256,9.681667494802808,15.429547548329282,9.08610121539707,16.1804580884083,0.0,13.016549732220575,7.6475899293412715,16.037766950097076,20.492531103520324,10.564835769857678,20.09356018889685,12.959600149167057,15.850686622356465,16.240005480376325
23.906686175936873,8.66684934431432,17.85128731161312,3.6523879664807213,21.96075336590482,26.27524508435209,13.016549732220575,0.0,5.391030098109167,21.487268858016723,20.113037870947306,13.33855452293952,20.802610761573817,3.9730264319488464,23.030199991480515,23.547494858285614
20.61800064808638,4.017354164981604,13.850784510198725,8.214055385471795,16.66527576112579,21.952132376152637,7.6475899293412715,5.391030098109167,0.0,18.00932515819513,18.85745663394144,10.811882622771181,19.11468321728619,6.374997269324605,19.044738945675718,19.539613975791664
2.6968716668638963,14.066822841632126,25.4372369401716,25.120285101784212,19.551728365263287,29.998472584049775,16.037766950097076,21.487268858016723,18.00932515819513,0.0,9.0478351964165,26.31605586776057,7.538804729672817,24.158690347791673,2.952053977518932,3.3402720923284397
9.129447105529403,15.888904551062222,30.117134042702187,23.605900688051843,26.60646509812239,36.24262335729724,20.492531103520324,20.113037870947306,18.85745663394144,9.0478351964165,0.0,29.186456194458792,1.7109456073027864,23.729259330470974,11.982025560145189,12.31846609485628
29.010511074743608,13.304691673339905,6.1035359412088255,13.096903276490721,14.953526147534378,14.227833759357928,10.564835769857678,13.33855452293952,10.811882622771181,26.31605586776057,29.186456194458792,0.0,29.185120808101146,10.245000892075533,26.373440618681816,26.77697594777274
7.4410011629844925,15.894939598325587,29.767137450494904,24.361620713430653,25.730985768075865,35.591572794066415,20.09356018889685,20.802610761573817,19.11468321728619,7.538804729672817,1.7109456073027864,29.185120808101146,0.0,24.291345934489577,10.437535537807745,10.748211167468387
26.70351025828208,10.368375579190237,15.50392207626026,2.9436100524110183,21.279185115004836,23.995191752636398,12.959600149167057,3.9730264319488464,6.374997269324605,24.158690347791673,23.729259330470974,10.245000892075533,24.291345934489577,0.0,25.358123824362224,25.859373644474484
3.9828765352148117,15.028525982583222,24.81168309893483,26.603265899291433,17.962777642248135,28.617602188670045,15.850686622356465,23.030199991480515,19.044738945675718,2.952053977518932,11.982025560145189,26.373440618681816,10.437535537807745,25.358123824362224,0.0,0.5246445701254663
4.033501937835344,15.522632618715662,25.128531246353326,27.117646973042493,18.122371026905228,28.803695431795212,16.240005480376325,23.547494858285614,19.539613975791664,3.3402720923284397,12.31846609485628,26.77697594777274,10.748211167468387,25.859373644474484,0.5246445701254663,0.0
True
0.0,0.0,0.0,0.0,0.0,0.0,0.0,0.0,0.0,1.0,0.0,0.0,0.0,0.0,0.0,0.0
0.0,0.0,0.0,0.0,0.0,0.0,0.0,0.0,0.0,0.0,1.0,0.0,0.0,0.0,0.0,0.0
0.0,0.0,0.0,0.0,0.0,0.0,0.0,0.0,0.0,0.0,0.0,1.0,0.0,0.0,0.0,0.0
0.0,0.0,0.0,0.0,0.0,0.0,0.0,1.0,0.0,0.0,0.0,0.0,0.0,0.0,0.0,0.0
0.0,0.0,0.0,0.0,0.0,1.0,0.0,0.0,0.0,0.0,0.0,0.0,0.0,0.0,0.0,0.0
0.0,0.0,1.0,0.0,0.0,0.0,0.0,0.0,0.0,0.0,0.0,0.0,0.0,0.0,0.0,0.0
0.0,0.0,0.0,0.0,1.0,0.0,0.0,0.0,0.0,0.0,0.0,0.0,0.0,0.0,0.0,0.0
0.0,0.0,0.0,0.0,0.0,0.0,0.0,0.0,1.0,0.0,0.0,0.0,0.0,0.0,0.0,0.0
0.0,1.0,0.0,0.0,0.0,0.0,0.0,0.0,0.0,0.0,0.0,0.0,0.0,0.0,0.0,0.0
0.0,0.0,0.0,0.0,0.0,0.0,0.0,0.0,0.0,0.0,0.0,0.0,0.0,0.0,0.0,1.0
0.0,0.0,0.0,0.0,0.0,0.0,0.0,0.0,0.0,0.0,0.0,0.0,1.0,0.0,0.0,0.0
0.0,0.0,0.0,0.0,0.0,0.0,0.0,0.0,0.0,0.0,0.0,0.0,0.0,1.0,0.0,0.0
1.0,0.0,0.0,0.0,0.0,0.0,0.0,0.0,0.0,0.0,0.0,0.0,0.0,0.0,0.0,0.0
0.0,0.0,0.0,1.0,0.0,0.0,0.0,0.0,0.0,0.0,0.0,0.0,0.0,0.0,0.0,0.0
0.0,0.0,0.0,0.0,0.0,0.0,1.0,0.0,0.0,0.0,0.0,0.0,0.0,0.0,0.0,0.0
0.0,0.0,0.0,0.0,0.0,0.0,0.0,0.0,0.0,0.0,0.0,0.0,0.0,0.0,1.0,0.0
108.12513687974209
GUROBI,1.0885379314422607
