16
32
8.2873764308351,16.12997246956829
3.955827954532591,28.52391819799138
1.5319363753290958,30.730297116299447
20.683388121021082,31.929057408815567
0.5377014906888675,8.2034353136041
29.943260633629357,16.23129450051917
22.513832392711713,29.31502679313835
7.934753119861011,17.185623152390757
17.112480304510598,25.26001701874093
5.818397594598913,13.390320060552703
21.637756001977994,13.137150575818062
6.775501054670794,26.95993655635304
25.104438313357207,26.899940096832623
6.251084087258285,14.148913590645456
26.872302411141945,5.803778605376166
27.78687409842279,5.633220387135893
0.0,13.129059483514254,16.087431433683882,20.081638148835808,11.085461332881522,21.65612123070034,19.396847856048883,1.1129876744986307,12.69803811031607,3.6880281745137338,13.681725679946235,10.934984649010687,19.970122008963784,2.8409647639962996,21.26099135539929,22.145252619202758
13.129059483514254,0.0,3.2777062587864525,17.07062512530179,20.605960622536028,28.74813480242226,18.574858856443335,12.0161882480417,13.555462071286774,15.247785355571615,23.439351469991603,3.224375128148825,21.210870443770737,14.557093053767,32.27025789528727,33.04395264764989
16.087431433683882,3.2777062587864525,0.0,19.188932492624023,22.548791667926913,31.897091136382393,21.029573237987428,14.98179745733616,16.512943816137067,17.861930301009675,26.71633934606671,6.458373579968814,23.881676710711034,17.23985599568152,35.545259541947054,36.320586658161936
20.081638148835808,17.07062512530179,19.188932492624023,0.0,31.124810579541407,18.22539435169633,3.1911882256399178,19.490935022884976,7.564884821229108,23.76242255786428,18.8161255435932,14.768936478187301,6.696096306120593,22.90032562907739,26.848330537445012,27.238402260446225
11.085461332881522,20.605960622536028,22.548791667926913,31.124810579541407,0.0,30.481690104617027,30.47375303800939,11.635981745254037,23.783403292866268,7.401994644687256,21.66919118628971,19.766549579267892,30.87205612238251,8.245692974975054,26.443705450576918,27.370118972600697
21.65612123070034,28.74813480242226,31.897091136382393,18.22539435169633,30.481690104617027,0.0,15.04594479226448,22.02918850433172,15.689064795746928,24.291565458416223,8.86313340829004,25.531330640423608,11.714700179983371,23.7835140330066,10.870320701236142,10.815228975938739
19.396847856048883,18.574858856443335,21.029573237987428,3.1911882256399178,30.47375303800939,15.04594479226448,0.0,18.965020040175173,6.754088291632941,23.07236068582698,16.20157982251541,15.913564130306018,3.541734431991818,22.237085513109797,23.91181825474813,24.26175845814865
1.1129876744986307,12.0161882480417,14.98179745733616,19.490935022884976,11.635981745254037,22.02918850433172,18.965020040175173,0.0,12.224013767368282,4.345490336915145,14.28854149976713,9.842818085768146,19.727291840007663,3.472224988928675,22.094731463679317,22.96877700266431
12.69803811031607,13.555462071286774,16.512943816137067,7.564884821229108,23.783403292866268,15.689064795746928,6.754088291632941,12.224013767368282,0.0,16.38432208355136,12.939938598425973,10.475822948388066,8.158476605177292,15.537906782381524,21.766932276983372,22.341750801714127
3.6880281745137338,15.247785355571615,17.861930301009675,23.76242255786428,7.401994644687256,24.291565458416223,23.07236068582698,4.345490336915145,16.38432208355136,0.0,15.821384111673543,13.603328227914599,23.546999811658782,0.8733165204142499,22.379064307409415,23.29778004966106
13.681725679946235,23.439351469991603,26.71633934606671,18.8161255435932,21.66919118628971,8.86313340829004,16.20157982251541,14.28854149976713,12.939938598425973,15.821384111673543,0.0,20.29670008603447,14.192683384327916,15.419900680918698,9.009928998974079,9.701578306679819
10.934984649010687,3.224375128148825,6.458373579968814,14.768936478187301,19.766549579267892,25.531330640423608,15.913564130306018,9.842818085768146,10.475822948388066,13.603328227914599,20.29670008603447,0.0,18.32903545220037,12.821751931136292,29.179863673570214,29.938380379473703
19.970122008963784,21.210870443770737,23.881676710711034,6.696096306120593,30.87205612238251,11.714700179983371,3.541734431991818,19.727291840007663,8.158476605177292,23.546999811658782,14.192683384327916,18.32903545220037,0.0,22.76044029750413,21.17010564786691,21.435224023830585
2.8409647639962996,14.557093053767,17.23985599568152,22.90032562907739,8.245692974975054,23.7835140330066,22.237085513109797,3.472224988928675,15.537906782381524,0.8733165204142499,15.419900680918698,12.821751931136292,22.76044029750413,0.0,22.245806865196883,23.15830913821801
21.26099135539929,32.27025789528727,35.545259541947054,26.848330537445012,26.443705450576918,10.870320701236142,23.91181825474813,22.094731463679317,21.766932276983372,22.379064307409415,9.009928998974079,29.179863673570214,21.17010564786691,22.245806865196883,0.0,0.9303394418087557
22.145252619202758,33.04395264764989,36.320586658161936,27.238402260446225,27.370118972600697,10.815228975938739,24.26175845814865,22.96877700266431,22.341750801714127,23.29778004966106,9.701578306679819,29.938380379473703,21.435224023830585,23.15830913821801,0.9303394418087557,0.0
True
0.0,0.0,0.0,0.0,0.0,0.0,0.0,0.0,0.0,0.0,0.0,0.0,0.0,1.0,0.0,0.0
0.0,0.0,1.0,0.0,0.0,0.0,0.0,0.0,0.0,0.0,0.0,0.0,0.0,0.0,0.0,0.0
0.0,0.0,0.0,0.0,0.0,0.0,0.0,1.0,0.0,0.0,0.0,0.0,0.0,0.0,0.0,0.0
0.0,0.0,0.0,0.0,0.0,0.0,0.0,0.0,1.0,0.0,0.0,0.0,0.0,0.0,0.0,0.0
0.0,0.0,0.0,0.0,0.0,0.0,0.0,0.0,0.0,0.0,1.0,0.0,0.0,0.0,0.0,0.0
0.0,0.0,0.0,0.0,0.0,0.0,0.0,0.0,0.0,0.0,0.0,0.0,1.0,0.0,0.0,0.0
0.0,0.0,0.0,1.0,0.0,0.0,0.0,0.0,0.0,0.0,0.0,0.0,0.0,0.0,0.0,0.0
1.0,0.0,0.0,0.0,0.0,0.0,0.0,0.0,0.0,0.0,0.0,0.0,0.0,0.0,0.0,0.0
0.0,0.0,0.0,0.0,0.0,0.0,0.0,0.0,0.0,0.0,0.0,1.0,0.0,0.0,0.0,0.0
0.0,0.0,0.0,0.0,1.0,0.0,0.0,0.0,0.0,0.0,0.0,0.0,0.0,0.0,0.0,0.0
0.0,0.0,0.0,0.0,0.0,0.0,0.0,0.0,0.0,0.0,0.0,0.0,0.0,0.0,1.0,0.0
0.0,1.0,0.0,0.0,0.0,0.0,0.0,0.0,0.0,0.0,0.0,0.0,0.0,0.0,0.0,0.0
0.0,0.0,0.0,0.0,0.0,0.0,1.0,0.0,0.0,0.0,0.0,0.0,0.0,0.0,0.0,0.0
0.0,0.0,0.0,0.0,0.0,0.0,0.0,0.0,0.0,1.0,0.0,0.0,0.0,0.0,0.0,0.0
0.0,0.0,0.0,0.0,0.0,0.0,0.0,0.0,0.0,0.0,0.0,0.0,0.0,0.0,0.0,1.0
0.0,0.0,0.0,0.0,0.0,1.0,0.0,0.0,0.0,0.0,0.0,0.0,0.0,0.0,0.0,0.0
112.62616165811143
GUROBI,0.5321669578552246
