16
32
6.439319848251941,2.87410047783861
19.084097075789902,24.26466563644598
17.56197387160515,28.625513452241393
14.269547859306218,4.280499490876075
22.877593250865363,14.280960858552707
26.055626480095285,19.02525860906076
21.03365651804508,18.054199753801146
28.453213121089746,22.8299572615194
8.670633255262242,1.6661526859760833
28.656809773053073,17.75251612277894
15.713638974198144,16.780672095681236
25.352676193205827,20.473275017542072
27.746838343481627,22.7957708909867
6.159205172947413,23.826235694666792
3.6731861070911336,1.1588570820463318
14.04909377388153,19.12749477428788
0.0,24.848474177274753,28.05082356547585,7.955528196730358,20.008330670102712,25.40982870572418,21.05777948548581,29.712753440209344,2.537301201704179,26.739186798821034,16.715433868496433,25.83497615075644,29.169903950384462,20.954007597010474,3.2547743056619622,17.94662880195168
24.848474177274753,0.0,4.618858378565561,20.555942709875556,10.680120520033523,8.720871988150506,6.509275574008354,9.478329156100218,24.88238365418382,11.577776974561974,8.207931964435007,7.325962529007064,8.786395053957404,12.932325835440889,27.773630764409035,7.19317612166103
28.05082356547585,4.618858378565561,0.0,24.566639449170392,15.297777567289554,12.818230286889232,11.126780922999362,12.337242963860676,28.387727469480087,15.53439585585984,11.98818621206104,11.276259759334343,11.735304113698808,12.371588458619167,30.77849310356326,10.12682997723061
7.955528196730358,20.555942709875556,24.566639449170392,0.0,13.194986662726697,18.8764289713047,15.34496610879699,23.350776086528793,6.1792114350997664,19.710112569567386,12.583310943389712,19.622479785253482,22.900930850395568,21.161603489299882,11.046607339469032,14.848631888138138
20.008330670102712,10.680120520033523,15.297777567289554,13.194986662726697,0.0,5.71036394212885,4.199694564520092,10.206511472348348,18.999239393922416,6.7417386157358745,7.587542233635684,6.668642306728176,9.808748016969654,19.25140960087915,23.259382220197715,10.071310441619556
25.40982870572418,8.720871988150506,12.818230286889232,18.8764289713047,5.71036394212885,0.0,5.114991456504364,4.497127253825012,24.567794933130738,2.8958639401652757,10.582763069641963,1.6096243739050078,4.1324279104435755,20.467461049383775,28.638818770605567,12.006967971093324
21.05777948548581,6.509275574008354,11.126780922999362,15.34496610879699,4.199694564520092,5.114991456504364,0.0,8.823699901872851,20.52833239436071,7.629120431777551,5.470325343417481,4.950338986985524,8.218838547529856,15.955115221154706,24.224750502030496,7.066546464020391
29.712753440209344,9.478329156100218,12.337242963860676,23.350776086528793,10.206511472348348,4.497127253825012,8.823699901872851,0.0,28.96993424672607,5.08152143693842,14.10285788277605,3.8945192823055663,0.7072015514484666,22.316257775626006,32.91939127327932,14.872352962392153
2.537301201704179,24.88238365418382,28.387727469480087,6.1792114350997664,18.999239393922416,24.567794933130738,20.52833239436071,28.96993424672607,0.0,25.655766221674252,16.674910091011515,25.13957849642435,28.466864352389134,22.301940497739253,5.023129186924222,18.270914182804194
26.739186798821034,11.577776974561974,15.53439585585984,19.710112569567386,6.7417386157358745,2.8958639401652757,7.629120431777551,5.08152143693842,25.655766221674252,0.0,12.979605199748427,4.280166781435845,5.124691859974276,23.30305306565277,29.992181845315965,14.672284518934248
16.715433868496433,8.207931964435007,11.98818621206104,12.583310943389712,7.587542233635684,10.582763069641963,5.470325343417481,14.10285788277605,16.674910091011515,12.979605199748427,0.0,10.322129375664236,13.45285473712586,11.871275065882047,19.72342793647327,2.8772013152922638
25.83497615075644,7.325962529007064,11.276259759334343,19.622479785253482,6.668642306728176,1.6096243739050078,4.950338986985524,3.8945192823055663,25.13957849642435,4.280166781435845,10.322129375664236,0.0,3.335565841649744,19.484139065092002,29.035272180245613,11.38341337093539
29.169903950384462,8.786395053957404,11.735304113698808,22.900930850395568,9.808748016969654,4.1324279104435755,8.218838547529856,0.7072015514484666,28.466864352389134,5.124691859974276,13.45285473712586,3.335565841649744,0.0,21.61221329751242,32.368144388799664,14.18042509808334
20.954007597010474,12.932325835440889,12.371588458619167,21.161603489299882,19.25140960087915,20.467461049383775,15.955115221154706,22.316257775626006,22.301940497739253,23.30305306565277,11.871275065882047,19.484139065092002,21.61221329751242,0.0,22.803296778397733,9.183055503044365
3.2547743056619622,27.773630764409035,30.77849310356326,11.046607339469032,23.259382220197715,28.638818770605567,24.224750502030496,32.91939127327932,5.023129186924222,29.992181845315965,19.72342793647327,29.035272180245613,32.368144388799664,22.803296778397733,0.0,20.749250599113292
17.94662880195168,7.19317612166103,10.12682997723061,14.848631888138138,10.071310441619556,12.006967971093324,7.066546464020391,14.872352962392153,18.270914182804194,14.672284518934248,2.8772013152922638,11.38341337093539,14.18042509808334,9.183055503044365,20.749250599113292,0.0
True
0.0,0.0,0.0,0.0,0.0,0.0,0.0,0.0,0.0,0.0,0.0,0.0,0.0,0.0,1.0,0.0
0.0,0.0,1.0,0.0,0.0,0.0,0.0,0.0,0.0,0.0,0.0,0.0,0.0,0.0,0.0,0.0
0.0,0.0,0.0,0.0,0.0,0.0,0.0,0.0,0.0,0.0,0.0,0.0,0.0,1.0,0.0,0.0
0.0,0.0,0.0,0.0,1.0,0.0,0.0,0.0,0.0,0.0,0.0,0.0,0.0,0.0,0.0,0.0
0.0,0.0,0.0,0.0,0.0,0.0,1.0,0.0,0.0,0.0,0.0,0.0,0.0,0.0,0.0,0.0
0.0,0.0,0.0,0.0,0.0,0.0,0.0,0.0,0.0,1.0,0.0,0.0,0.0,0.0,0.0,0.0
0.0,0.0,0.0,0.0,0.0,0.0,0.0,0.0,0.0,0.0,0.0,1.0,0.0,0.0,0.0,0.0
0.0,0.0,0.0,0.0,0.0,0.0,0.0,0.0,0.0,0.0,0.0,0.0,1.0,0.0,0.0,0.0
0.0,0.0,0.0,1.0,0.0,0.0,0.0,0.0,0.0,0.0,0.0,0.0,0.0,0.0,0.0,0.0
0.0,0.0,0.0,0.0,0.0,0.0,0.0,1.0,0.0,0.0,0.0,0.0,0.0,0.0,0.0,0.0
1.0,0.0,0.0,0.0,0.0,0.0,0.0,0.0,0.0,0.0,0.0,0.0,0.0,0.0,0.0,0.0
0.0,0.0,0.0,0.0,0.0,1.0,0.0,0.0,0.0,0.0,0.0,0.0,0.0,0.0,0.0,0.0
0.0,1.0,0.0,0.0,0.0,0.0,0.0,0.0,0.0,0.0,0.0,0.0,0.0,0.0,0.0,0.0
0.0,0.0,0.0,0.0,0.0,0.0,0.0,0.0,0.0,0.0,0.0,0.0,0.0,0.0,0.0,1.0
0.0,0.0,0.0,0.0,0.0,0.0,0.0,0.0,1.0,0.0,0.0,0.0,0.0,0.0,0.0,0.0
0.0,0.0,0.0,0.0,0.0,0.0,0.0,0.0,0.0,0.0,1.0,0.0,0.0,0.0,0.0,0.0
101.64887902235066
GUROBI,34.45384645462036
