16
32
20.952316185629634,22.569814108470105
17.43110087120023,14.854522763547283
14.352548128966895,0.7387121890397417
16.332453348355358,27.570623199262013
3.1500424905642532,16.118978224868354
26.93231477667223,10.727821768431447
8.760911973140061,12.769727902454864
27.134152838877526,2.727645855211282
22.58572690033055,27.502466403586215
7.3586467671809395,29.919174786619948
24.83436021292161,26.92886416590208
24.85048763953745,27.011482048650976
1.476697673399741,31.35242595443847
1.2935410243501657,1.6166786635949215
15.353313158738217,2.252514433217378
30.707187003899307,26.217127698227607
0.0,8.480841811259845,22.80688381647747,6.808173337817928,18.935000193059963,13.266241582694237,15.641995598952159,20.782847384275126,5.1960647828346005,15.453185776259936,5.837086879003174,5.909666215184439,21.364315745440003,28.73153886955976,21.074664908110968,10.414432346660043
8.480841811259845,0.0,14.447615552820173,12.763472751200494,14.336927009816215,10.358702948758813,8.91731714928224,15.5309484912345,13.657988425159434,18.121756875475466,14.163261248081392,14.242154299046417,22.950463853569584,20.87250234699498,12.772150004433962,17.474646030877604
22.80688381647747,14.447615552820173,0.0,26.90485965654251,19.027577773098344,16.063400608209168,13.266941395649244,12.935427170713774,28.001495894646187,30.0069001009296,28.209793425944923,28.292493175110863,33.211248026292125,13.088486990056301,1.8146977377212008,30.275796762236915
6.808173337817928,12.763472751200494,26.90485965654251,0.0,17.461847801511855,19.900678941631814,16.62512377047597,27.089670267475842,6.253644974303324,9.276038977646158,8.526093770928034,8.536366147961362,15.329563227732102,29.99626844875207,25.337035087006328,14.438314227746543
18.935000193059963,14.336927009816215,19.027577773098344,17.461847801511855,0.0,24.385672904973543,6.534472746342078,27.469352592201606,22.523979035486647,14.427673932416715,24.229388542476674,24.280773447621343,15.325077898877913,14.62064602741502,18.471562821967247,29.349085786701057
13.266241582694237,10.358702948758813,16.063400608209168,19.900678941631814,24.385672904973543,0.0,18.285766609808274,8.002721614914696,17.328633206415535,27.41234229347276,16.336315010313772,16.416199205373633,32.76221512562722,27.209550679854473,14.349359319999337,15.942655315809496
15.641995598952159,8.91731714928224,13.266941395649244,16.62512377047597,6.534472746342078,18.285766609808274,0.0,20.938466795684374,20.203442565904133,17.206681148340113,21.42047800689337,21.48725218089603,19.959369851168564,13.422076449315346,12.412555439932035,25.73852266531775
20.782847384275126,15.5309484912345,12.935427170713774,27.089670267475842,27.469352592201606,8.002721614914696,20.938466795684374,0.0,25.188884685960744,33.622163613000026,24.310245038750985,24.390978393916235,38.44064309162394,25.864482733082813,11.79041701710804,23.75967866781465
5.1960647828346005,13.657988425159434,28.001495894646187,6.253644974303324,22.523979035486647,17.328633206415535,20.203442565904133,25.188884685960744,0.0,15.41766677516365,2.320640278365109,2.317370674416195,21.457243612510382,33.51762500979421,26.265336149295837,8.222542781971523
15.453185776259936,18.121756875475466,30.0069001009296,9.276038977646158,14.427673932416715,27.41234229347276,17.206681148340113,33.622163613000026,15.41766677516365,0.0,17.72970721828252,17.731868885210023,6.054051044704415,28.94506511420497,28.79858999713064,23.640209047940562
5.837086879003174,14.163261248081392,28.209793425944923,8.526093770928034,24.229388542476674,16.336315010313772,21.42047800689337,24.310245038750985,2.320640278365109,17.72970721828252,0.0,0.08417724418843599,23.77284791957376,34.56699152330474,26.435061743325058,5.9157977751308515
5.909666215184439,14.242154299046417,28.292493175110863,8.536366147961362,24.280773447621343,16.416199205373633,21.48725218089603,24.390978393916235,2.317370674416195,17.731868885210023,0.08417724418843599,0.0,23.773469485422474,34.63850130702017,26.51797127422899,5.91032370336457
21.364315745440003,22.950463853569584,33.211248026292125,15.329563227732102,15.325077898877913,32.76221512562722,19.959369851168564,38.44064309162394,21.457243612510382,6.054051044704415,23.77284791957376,23.773469485422474,0.0,29.736311360069532,32.23918900764769,29.67815349176379
28.73153886955976,20.87250234699498,13.088486990056301,29.99626844875207,14.62064602741502,27.209550679854473,13.422076449315346,25.864482733082813,33.51762500979421,28.94506511420497,34.56699152330474,34.63850130702017,29.736311360069532,0.0,14.074142233075738,38.34507351037168
21.074664908110968,12.772150004433962,1.8146977377212008,25.337035087006328,18.471562821967247,14.349359319999337,12.412555439932035,11.79041701710804,26.265336149295837,28.79858999713064,26.435061743325058,26.51797127422899,32.23918900764769,14.074142233075738,0.0,28.461274233502373
10.414432346660043,17.474646030877604,30.275796762236915,14.438314227746543,29.349085786701057,15.942655315809496,25.73852266531775,23.75967866781465,8.222542781971523,23.640209047940562,5.9157977751308515,5.91032370336457,29.67815349176379,38.34507351037168,28.461274233502373,0.0
True
0.0,1.0,0.0,0.0,0.0,0.0,0.0,0.0,0.0,0.0,0.0,0.0,0.0,0.0,0.0,0.0
0.0,0.0,0.0,0.0,0.0,1.0,0.0,0.0,0.0,0.0,0.0,0.0,0.0,0.0,0.0,0.0
0.0,0.0,0.0,0.0,0.0,0.0,0.0,0.0,0.0,0.0,0.0,0.0,0.0,1.0,0.0,0.0
0.0,0.0,0.0,0.0,0.0,0.0,0.0,0.0,1.0,0.0,0.0,0.0,0.0,0.0,0.0,0.0
0.0,0.0,0.0,0.0,0.0,0.0,0.0,0.0,0.0,0.0,0.0,0.0,1.0,0.0,0.0,0.0
0.0,0.0,0.0,0.0,0.0,0.0,0.0,1.0,0.0,0.0,0.0,0.0,0.0,0.0,0.0,0.0
0.0,0.0,0.0,0.0,1.0,0.0,0.0,0.0,0.0,0.0,0.0,0.0,0.0,0.0,0.0,0.0
0.0,0.0,0.0,0.0,0.0,0.0,0.0,0.0,0.0,0.0,0.0,0.0,0.0,0.0,1.0,0.0
0.0,0.0,0.0,0.0,0.0,0.0,0.0,0.0,0.0,0.0,1.0,0.0,0.0,0.0,0.0,0.0
0.0,0.0,0.0,1.0,0.0,0.0,0.0,0.0,0.0,0.0,0.0,0.0,0.0,0.0,0.0,0.0
0.0,0.0,0.0,0.0,0.0,0.0,0.0,0.0,0.0,0.0,0.0,1.0,0.0,0.0,0.0,0.0
0.0,0.0,0.0,0.0,0.0,0.0,0.0,0.0,0.0,0.0,0.0,0.0,0.0,0.0,0.0,1.0
0.0,0.0,0.0,0.0,0.0,0.0,0.0,0.0,0.0,1.0,0.0,0.0,0.0,0.0,0.0,0.0
0.0,0.0,0.0,0.0,0.0,0.0,1.0,0.0,0.0,0.0,0.0,0.0,0.0,0.0,0.0,0.0
0.0,0.0,1.0,0.0,0.0,0.0,0.0,0.0,0.0,0.0,0.0,0.0,0.0,0.0,0.0,0.0
1.0,0.0,0.0,0.0,0.0,0.0,0.0,0.0,0.0,0.0,0.0,0.0,0.0,0.0,0.0,0.0
129.13080378358626
GUROBI,0.24690747261047363
