16
32
0.8275266348394474,26.111741770480865
9.562981114696406,22.06351068795458
17.61661877524354,0.11151675277723427
13.113669100235878,8.532486589828384
29.803509653399367,12.19265884193322
9.640153690467564,5.367652579703101
19.914516502486524,15.465525696305882
24.246779699947567,19.265478444773947
3.141211389391458,29.102520893706235
6.929448751409851,10.881712072936566
5.428378913943504,12.367044459912758
24.11328922522765,6.880287722993181
7.037707748688881,1.493393189343987
6.6757483638027715,31.4100729514608
26.964941754585993,29.3926170601338
8.727471823727008,1.620521481149833
0.0,9.627893843784577,30.949722387611175,21.447132894317473,32.145737842887655,22.53840349218488,21.85532198128602,24.399441297957942,3.7812559960107315,16.40692713779068,14.494293561718527,30.20058880546128,25.389553685111842,7.8913883882662255,26.342524780442186,25.733810546593517
9.627893843784577,0.0,23.382709793722498,13.989138583727241,22.519163210300515,16.696036463104583,12.275491470189394,14.948007403199345,9.528210276936543,11.4877375046306,10.541176057254063,21.029544115722587,20.724544373271822,9.782348342981422,18.882373641229126,20.460055803561033
30.949722387611175,23.382709793722498,0.0,9.549308287628842,17.160253595283898,9.552536787667657,15.525009649041323,20.269022728931695,32.403946365924995,15.172762120085828,17.2844192930208,9.38205667127069,10.66878348237034,33.155727491371586,30.737175825628142,9.016320136059196
21.447132894317473,13.989138583727241,9.549308287628842,0.0,17.086475312512487,4.699093914101272,9.711774124259978,15.46425768615295,22.859926160363944,6.615394296133737,8.58880197155272,11.123012361302829,9.29871723659967,23.766168836027084,25.040023909399764,8.18620719332485
32.145737842887655,22.519163210300515,17.160253595283898,17.086475312512487,0.0,21.287123670599037,10.416517795561639,8.994555292504266,31.572481424951576,22.911596268681677,24.37575453005146,7.784593465720027,25.1546421534713,30.06995755443683,17.432613987122515,23.57900462218565
22.53840349218488,16.696036463104583,9.552536787667657,4.699093914101272,21.287123670599037,0.0,14.405886736747838,20.161921712888628,24.608539674588297,6.1443285525393225,8.168875899468002,14.55196609686304,4.667184451429589,26.210596287763067,29.62004726114692,3.8566798751804705
21.85532198128602,12.275491470189394,15.525009649041323,9.711774124259978,10.416517795561639,14.405886736747838,0.0,5.762650891965032,21.61738657726464,13.770378783237502,14.813803299844347,9.556987152635777,19.000860256156322,20.724226620110493,15.610008651242063,17.799834559968538
24.399441297957942,14.948007403199345,20.269022728931695,15.46425768615295,8.994555292504266,20.161921712888628,5.762650891965032,0.0,23.28545507078713,19.23999713510201,20.042968831641836,12.385910096626946,24.738617013686707,21.359595453744692,10.485577785224278,23.498796207573456
3.7812559960107315,9.528210276936543,32.403946365924995,22.859926160363944,31.572481424951576,24.608539674588297,21.61738657726464,23.28545507078713,0.0,18.610443745220852,16.891042204417772,30.555780072613285,27.8827297170453,4.221107452165606,23.825496517371217,28.044011791324955
16.40692713779068,11.4877375046306,15.172762120085828,6.615394296133737,22.911596268681677,6.1443285525393225,13.770378783237502,19.23999713510201,18.610443745220852,0.0,2.111734584826331,17.643575892033297,9.38894304330966,20.52992850074243,27.2777305383964,9.434115652565636
14.494293561718527,10.541176057254063,17.2844192930208,8.58880197155272,24.37575453005146,8.168875899468002,14.813803299844347,20.042968831641836,16.891042204417772,2.111734584826331,0.0,19.47383816382546,10.992098582722262,19.083837786838178,27.45348177106759,11.241519922166368
30.20058880546128,21.029544115722587,9.38205667127069,11.123012361302829,7.784593465720027,14.55196609686304,9.556987152635777,12.385910096626946,30.555780072613285,17.643575892033297,19.47383816382546,0.0,17.905142151867253,30.096149166440057,22.69222100923746,16.260028229715804
25.389553685111842,20.724544373271822,10.66878348237034,9.29871723659967,25.1546421534713,4.667184451429589,19.000860256156322,24.738617013686707,27.8827297170453,9.38894304330966,10.992098582722262,17.905142151867253,0.0,29.91886934002281,34.2850017896781,1.69453953387548
7.8913883882662255,9.782348342981422,33.155727491371586,23.766168836027084,30.06995755443683,26.210596287763067,20.724226620110493,21.359595453744692,4.221107452165606,20.52992850074243,19.083837786838178,30.096149166440057,29.91886934002281,0.0,20.38924953798083,29.860123006416263
26.342524780442186,18.882373641229126,30.737175825628142,25.040023909399764,17.432613987122515,29.62004726114692,15.610008651242063,10.485577785224278,23.825496517371217,27.2777305383964,27.45348177106759,22.69222100923746,34.2850017896781,20.38924953798083,0.0,33.22490936522185
25.733810546593517,20.460055803561033,9.016320136059196,8.18620719332485,23.57900462218565,3.8566798751804705,17.799834559968538,23.498796207573456,28.044011791324955,9.434115652565636,11.241519922166368,16.260028229715804,1.69453953387548,29.860123006416263,33.22490936522185,0.0
True
0.0,0.0,0.0,0.0,0.0,0.0,0.0,0.0,1.0,0.0,0.0,0.0,0.0,0.0,0.0,0.0
1.0,0.0,0.0,0.0,0.0,0.0,0.0,0.0,0.0,0.0,0.0,0.0,0.0,0.0,0.0,0.0
0.0,0.0,0.0,0.0,0.0,0.0,0.0,0.0,0.0,0.0,0.0,0.0,0.0,0.0,0.0,1.0
0.0,0.0,0.0,0.0,0.0,0.0,0.0,0.0,0.0,1.0,0.0,0.0,0.0,0.0,0.0,0.0
0.0,0.0,0.0,0.0,0.0,0.0,0.0,0.0,0.0,0.0,0.0,1.0,0.0,0.0,0.0,0.0
0.0,0.0,0.0,1.0,0.0,0.0,0.0,0.0,0.0,0.0,0.0,0.0,0.0,0.0,0.0,0.0
0.0,0.0,0.0,0.0,1.0,0.0,0.0,0.0,0.0,0.0,0.0,0.0,0.0,0.0,0.0,0.0
0.0,0.0,0.0,0.0,0.0,0.0,1.0,0.0,0.0,0.0,0.0,0.0,0.0,0.0,0.0,0.0
0.0,0.0,0.0,0.0,0.0,0.0,0.0,0.0,0.0,0.0,0.0,0.0,0.0,1.0,0.0,0.0
0.0,0.0,0.0,0.0,0.0,0.0,0.0,0.0,0.0,0.0,1.0,0.0,0.0,0.0,0.0,0.0
0.0,1.0,0.0,0.0,0.0,0.0,0.0,0.0,0.0,0.0,0.0,0.0,0.0,0.0,0.0,0.0
0.0,0.0,1.0,0.0,0.0,0.0,0.0,0.0,0.0,0.0,0.0,0.0,0.0,0.0,0.0,0.0
0.0,0.0,0.0,0.0,0.0,1.0,0.0,0.0,0.0,0.0,0.0,0.0,0.0,0.0,0.0,0.0
0.0,0.0,0.0,0.0,0.0,0.0,0.0,0.0,0.0,0.0,0.0,0.0,0.0,0.0,1.0,0.0
0.0,0.0,0.0,0.0,0.0,0.0,0.0,1.0,0.0,0.0,0.0,0.0,0.0,0.0,0.0,0.0
0.0,0.0,0.0,0.0,0.0,0.0,0.0,0.0,0.0,0.0,0.0,0.0,1.0,0.0,0.0,0.0
121.19634641336309
GUROBI,0.3606603145599365
