16
32
28.176316037766398,3.6345021751889632
16.701056074977036,4.297467398715579
5.3989506785564565,14.854613007253409
16.53190669614868,29.12751346613575
29.897206915237835,20.002811401139223
31.639113198153257,5.521379689676248
21.26176867102723,0.09343619974406181
30.883987275588268,27.927430852751538
15.702352662327193,27.748510707339836
2.0323956864262946,19.72014724769055
19.82617196586492,17.53246088932698
17.070962745919957,8.378143472871766
25.397519150912856,14.448171178169321
25.16627035975543,1.3596502486025877
23.72579177845695,12.68663644691921
23.749235133811773,17.83915898387905
0.0,11.494394899306453,25.390928690986215,28.026521253903315,16.45852400212403,3.9435099757273355,7.768533550763175,24.44336039224701,27.14931251027259,30.696132471953366,16.213517892221795,12.076050865154816,11.164996616408137,3.7729731342279993,10.087036287043642,14.878552361800033
11.494394899306453,0.0,15.465798065139372,24.83062220772097,20.513318289184227,14.988112353169775,6.202739532311251,27.55958472619547,23.472299435066198,21.28446972133946,13.598948563326731,4.0974074934522715,13.366572382227675,8.96050347328286,10.941895129413519,15.266114077691272
25.390928690986215,15.465798065139372,0.0,18.101336889821333,25.03334786521584,27.850590177143197,21.668441000792058,28.642375194344922,16.504929273991596,5.9166811609129955,14.673635655572628,13.34842774750842,20.00269821558973,23.934513724663155,18.45462616980253,18.59140807672666
28.026521253903315,24.83062220772097,18.101336889821333,0.0,16.18306020879044,28.026366874183164,29.4168189478775,14.402167032695948,1.6092881978676912,17.28393354213689,12.053938274531617,20.756370986811707,17.148824280554894,29.079313326539257,17.94587472759297,13.398387093011804
16.45852400212403,20.513318289184227,25.03334786521584,16.18306020879044,0.0,14.585818520474799,21.7014749401856,7.985820492125127,16.17064454508391,27.866244882311406,10.369589027666514,17.310269897764474,7.14851159214637,19.23406401287702,9.571456563723435,6.517587652492825
3.9435099757273355,14.988112353169775,27.850590177143197,28.026366874183164,14.585818520474799,0.0,11.711184823260613,22.418772131436572,27.35005831168639,32.83538825696628,16.84671042494947,14.845609011148142,10.892433269457252,7.695302875865077,10.675277995848177,14.627982178375394
7.768533550763175,6.202739532311251,21.668441000792058,29.4168189478775,21.7014749401856,11.711184823260613,0.0,29.450269085657084,28.20833657588593,27.476837007568484,17.498014745214828,9.284353984167629,14.93863609345578,4.1046840870897805,12.83199525948322,17.91921221858945
24.44336039224701,27.55958472619547,28.642375194344922,14.402167032695948,7.985820492125127,22.418772131436572,29.450269085657084,0.0,15.182688890608306,29.996230453203697,15.176649167864785,23.93688124460547,14.553067506814417,27.17607868990289,16.838098969182983,12.356290601344254
27.14931251027259,23.472299435066198,16.504929273991596,1.6092881978676912,16.17064454508391,27.35005831168639,28.20833657588593,15.182688890608306,0.0,15.85314932633934,11.016966893494365,19.41865650242225,16.45889682915019,28.034580333837738,17.065627192897495,12.76509181671409
30.696132471953366,21.28446972133946,5.9166811609129955,17.28393354213689,27.866244882311406,32.83538825696628,27.476837007568484,29.996230453203697,15.85314932633934,0.0,17.927756298133982,18.836123508590916,23.95250980979457,29.53445458197624,22.805124603700328,21.798147454132764
16.213517892221795,13.598948563326731,14.673635655572628,12.053938274531617,10.369589027666514,16.84671042494947,17.498014745214828,15.176649167864785,11.016966893494365,17.927756298133982,0.0,9.559953201082367,6.368104308088442,17.031631010480474,6.220052187031626,3.9350334612177154
12.076050865154816,4.0974074934522715,13.34842774750842,20.756370986811707,17.310269897764474,14.845609011148142,9.284353984167629,23.93688124460547,19.41865650242225,18.836123508590916,9.559953201082367,0.0,10.304211658764011,10.714161306501547,7.927790433639972,11.580593101667922
11.164996616408137,13.366572382227675,20.00269821558973,17.148824280554894,7.14851159214637,10.892433269457252,14.93863609345578,14.553067506814417,16.45889682915019,23.95250980979457,6.368104308088442,10.304211658764011,0.0,13.090563629084814,2.4285133347829757,3.7703631787273433
3.7729731342279993,8.96050347328286,23.934513724663155,29.079313326539257,19.23406401287702,7.695302875865077,4.1046840870897805,27.17607868990289,28.034580333837738,29.53445458197624,17.031631010480474,10.714161306501547,13.090563629084814,0.0,11.418213296310194,16.54032034114268
10.087036287043642,10.941895129413519,18.45462616980253,17.94587472759297,9.571456563723435,10.675277995848177,12.83199525948322,16.838098969182983,17.065627192897495,22.805124603700328,6.220052187031626,7.927790433639972,2.4285133347829757,11.418213296310194,0.0,5.15257586890182
14.878552361800033,15.266114077691272,18.59140807672666,13.398387093011804,6.517587652492825,14.627982178375394,17.91921221858945,12.356290601344254,12.76509181671409,21.798147454132764,3.9350334612177154,11.580593101667922,3.7703631787273433,16.54032034114268,5.15257586890182,0.0
True
0.0,0.0,0.0,0.0,0.0,1.0,0.0,0.0,0.0,0.0,0.0,0.0,0.0,0.0,0.0,0.0
0.0,0.0,0.0,0.0,0.0,0.0,1.0,0.0,0.0,0.0,0.0,0.0,0.0,0.0,0.0,0.0
0.0,0.0,0.0,0.0,0.0,0.0,0.0,0.0,0.0,0.0,0.0,1.0,0.0,0.0,0.0,0.0
0.0,0.0,0.0,0.0,0.0,0.0,0.0,0.0,1.0,0.0,0.0,0.0,0.0,0.0,0.0,0.0
0.0,0.0,0.0,0.0,0.0,0.0,0.0,1.0,0.0,0.0,0.0,0.0,0.0,0.0,0.0,0.0
0.0,0.0,0.0,0.0,0.0,0.0,0.0,0.0,0.0,0.0,0.0,0.0,0.0,0.0,1.0,0.0
0.0,0.0,0.0,0.0,0.0,0.0,0.0,0.0,0.0,0.0,0.0,0.0,0.0,1.0,0.0,0.0
0.0,0.0,0.0,1.0,0.0,0.0,0.0,0.0,0.0,0.0,0.0,0.0,0.0,0.0,0.0,0.0
0.0,0.0,0.0,0.0,0.0,0.0,0.0,0.0,0.0,1.0,0.0,0.0,0.0,0.0,0.0,0.0
0.0,0.0,1.0,0.0,0.0,0.0,0.0,0.0,0.0,0.0,0.0,0.0,0.0,0.0,0.0,0.0
0.0,0.0,0.0,0.0,0.0,0.0,0.0,0.0,0.0,0.0,0.0,0.0,0.0,0.0,0.0,1.0
0.0,1.0,0.0,0.0,0.0,0.0,0.0,0.0,0.0,0.0,0.0,0.0,0.0,0.0,0.0,0.0
0.0,0.0,0.0,0.0,0.0,0.0,0.0,0.0,0.0,0.0,1.0,0.0,0.0,0.0,0.0,0.0
1.0,0.0,0.0,0.0,0.0,0.0,0.0,0.0,0.0,0.0,0.0,0.0,0.0,0.0,0.0,0.0
0.0,0.0,0.0,0.0,0.0,0.0,0.0,0.0,0.0,0.0,0.0,0.0,1.0,0.0,0.0,0.0
0.0,0.0,0.0,0.0,1.0,0.0,0.0,0.0,0.0,0.0,0.0,0.0,0.0,0.0,0.0,0.0
111.1613649326883
GUROBI,0.1449108123779297
